93.08
93.08
93.08
93.08
93.08
93.08
93.08
93.08
93.08
93.08
93.08
93.08
93.08
93.08
93.08
93.08
93.08
93.08
93.08
93.08
93.08
93.08
93.08
93.08
93.08
93.08
93.08
93.08
93.08
93.08
50.06
50.06
50.06
50.06
50.06
50.06
50.06
50.06
50.06
50.06
50.06
50.06
50.06
50.06
50.06
50.06
50.06
50.06
50.06
50.06
50.06
50.06
50.06
50.06
50.06
50.06
50.06
50.06
50.06
50.06
56.10
56.10
56.10
56.10
56.10
56.10
56.10
56.10
56.10
56.10
56.10
56.10
56.10
56.10
56.10
56.10
56.10
56.10
56.10
56.10
56.10
56.10
56.10
56.10
56.10
56.10
56.10
56.10
56.10
56.10
93.08
93.08
93.08
93.08
93.08
93.08
93.08
93.08
93.08
93.08
93.08
93.08
93.08
93.08
93.08
93.08
93.08
93.08
93.08
93.08
93.08
93.08
93.08
93.08
93.08
93.08
93.08
93.08
93.08
93.08
50.06
50.06
50.06
50.06
50.06
50.06
50.06
50.06
50.06
50.06
50.06
50.06
50.06
50.06
50.06
50.06
50.06
50.06
50.06
50.06
50.06
50.06
50.06
50.06
50.06
50.06
50.06
50.06
50.06
50.06
56.10
56.10
56.10
56.10
56.10
56.10
56.10
56.10
56.10
56.10
56.10
56.10
56.10
56.10
56.10
56.10
56.10
56.10
56.10
56.10
56.10
56.10
56.10
56.10
56.10
56.10
56.10
56.10
56.10
56.10
