54
56
46
55
56
55
10
256
258
260
262
257
259
261
263
268
266
264
269
267
265
270
276
275
274
273
272
271
277
280
283
279
282
278
281
284
288
285
289
286
290
287
291
298
297
300
296
302
295
304
294
306
293
308
292
310
299
303
307
311
301
305
309
312
317
315
313
318
316
314
319
325
324
323
322
321
320
326
329
332
328
331
327
330
333
337
334
338
335
339
336
340
347
346
349
345
351
344
353
343
355
342
357
341
359
348
352
356
360
350
354
358
361
366
364
362
367
365
363
368
374
373
372
371
370
369
375
378
381
377
380
376
379
382
386
383
387
384
388
385
