57
51
46
48
56
10
256
258
260
262
259
261
257
266
265
264
268
271
263
267
274
270
275
269
272
278
273
279
276
280
277
286
285
288
284
290
283
292
282
294
281
296
287
274
53
48
258
54
10
300
302
304
301
48
303
305
309
307
306
311
310
308
316
314
317
313
312
315
321
318
322
320
323
328
327
330
319
332
326
333
325
336
324
338
329
335
304
54
46
49
48
342
344
346
53
343
345
347
352
350
348
353
349
351
358
356
355
354
359
357
365
362
360
363
361
364
367
366
371
374
370
376
369
378
368
380
373
377
346
298
293
297
289
386
385
295
390
387
291
391
388
395
394
393
389
396
399
397
266
340
334
406
337
405
408
331
407
339
411
410
341
409
413
416
414
418
412
417
328
375
379
382
426
372
429
425
381
430
383
427
432
431
435
438
433
428
437
440
346
