77
111
110
32
83
101
112
32
32
55
32
50
49
58
53
55
269
53
266
48
50
48
10
10
256
258
260
262
264
266
50
58
49
268
50
51
274
276
278
280
259
261
263
265
50
286
288
58
290
292
277
279
257
296
283
299
301
289
291
276
293
307
281
297
284
300
287
313
305
294
308
282
298
285
322
303
314
275
306
295
327
320
312
331
324
317
309
328
321
302
304
315
334
326
319
311
330
346
333
325
318
310
329
345
332
316
335
350
358
323
347
355
342
337
352
360
348
356
343
338
353
361
349
357
344
365
354
341
336
351
359
340
362
379
375
371
367
384
364
339
366
383
363
380
395
382
388
374
370
387
378
403
386
396
402
369
408
401
406
411
381
377
373
415
400
417
368
385
416
372
422
394
376
425
393
399
428
392
398
390
405
418
423
420
429
434
404
409
414
438
432
397
389
442
413
437
427
391
447
407
424
433
448
412
421
430
435
443
451
431
453
410
445
466
444
452
436
426
465
472
461
449
460
441
459
440
458
456
454
419
446
467
471
463
473
462
450
490
477
481
455
439
457
496
486
470
474
489
476
480
498
485
469
464
491
478
482
497
484
468
475
479
483
487
502
492
504
518
501
510
495
507
516
512
500
509
494
506
515
503
517
513
519
525
533
488
521
536
530
493
505
514
541
511
499
508
545
523
531
546
538
532
547
520
549
527
535
529
551
522
537
524
557
556
555
567
570
554
553
552
566
573
576
575
544
565
580
543
564
583
528
550
586
561
542
563
588
534
590
587
562
595
594
589
560
593
600
548
526
601
604
603
540
559
606
609
608
539
558
613
569
574
581
584
591
596
599
610
615
571
617
585
621
605
612
568
625
578
618
592
607
614
631
577
582
620
598
629
637
572
579
619
597
602
611
644
626
641
649
624
639
647
622
630
645
634
628
636
616
633
627
642
663
632
640
648
623
638
646
635
650
664
670
658
651
665
653
672
660
666
654
673
661
667
676
669
657
643
677
692
668
656
675
655
674
662
690
697
701
699
688
686
684
682
659
652
671
710
681
712
680
678
693
691
698
687
685
683
711
679
694
720
708
715
726
704
721
709
716
695
702
700
689
705
722
713
717
696
737
707
724
718
703
738
732
729
719
731
728
725
752
749
754
747
744
723
714
755
748
745
762
759
706
761
742
736
768
741
735
739
733
730
757
746
743
772
734
727
779
771
740
782
753
784
775
751
764
769
774
750
763
760
773
783
766
780
786
777
765
770
790
796
781
803
793
799
805
795
767
802
756
804
794
758
801
776
816
810
788
800
785
821
792
798
824
812
819
826
791
797
787
778
825
806
814
827
835
809
829
837
831
789
813
820
834
808
822
844
817
811
818
847
832
839
849
807
815
828
836
854
830
856
838
848
833
861
841
851
863
843
864
823
845
867
846
868
858
869
859
870
840
850
862
842
852
876
853
877
865
878
855
896
866
897
895
898
901
900
903
894
905
893
907
892
909
891
911
875
913
890
914
874
915
918
917
920
889
921
873
922
925
924
927
888
928
872
929
932
931
934
887
935
871
936
939
938
941
886
942
860
943
946
945
948
885
949
884
952
883
954
882
956
857
958
881
959
880
962
879
964
899
906
910
916
926
933
940
947
950
974
953
957
960
978
963
966
908
912
919
970
937
973
976
961
965
902
967
983
923
971
944
975
955
989
981
968
984
930
972
951
998
979
990
904
982
969
1003
996
988
1007
1000
993
985
1004
997
977
980
991
1010
1002
995
987
1006
1022
1009
1001
994
986
1005
1021
1008
992
1011
1026
1034
999
1023
1031
1018
1013
1028
1036
1024
1032
1019
1014
1029
765
52
299
837
1054
799
1057
824
1059
1056
1055
1053
1063
761
1061
1064
1058
1065
713
1067
1066
1070
680
1072
1071
1074
664
1076
1075
1078
632
1080
1079
1082
577
1084
1083
1086
575
1088
1087
1090
565
1092
1091
1094
536
1096
1095
1098
512
1100
1099
1102
496
1104
1103
1106
419
1108
1107
1110
438
1112
1111
1114
394
1116
1115
1118
399
1120
1119
1122
338
1124
1123
1126
330
1128
1127
1130
302
1132
1131
1134
268
1136
1135
1138
58
1140
1139
1142
1144
1143
1146
1149
1069
1151
1060
1150
1153
1152
1062
1156
1068
1155
1160
1157
1161
1159
1162
1165
1164
1167
1073
1158
1169
1163
1171
1166
1173
1168
1077
1170
1177
1172
1179
1174
1181
1176
1081
1178
1185
1180
1187
1182
1189
1184
1085
1186
1193
1188
1195
1190
1197
1192
1089
1194
1201
1196
1203
1198
1205
1200
1093
1202
1209
1204
1211
1206
1213
1208
1097
1210
1217
1212
1219
1214
1221
1216
1101
1218
1225
1220
1227
1222
1229
1224
1105
1226
1233
1228
1235
1230
1237
1232
1109
1234
1241
1236
1243
1238
1245
1240
1113
1242
1249
1244
1251
1246
1253
1248
1117
1250
1257
1252
1259
1254
1261
1256
1121
1258
1265
1260
1267
1262
1269
1264
1125
1266
1273
1268
1275
1270
1277
1272
1129
1274
1281
1276
1283
1278
1285
1280
1133
1282
1289
1284
1291
1286
1293
1288
1137
1290
1297
1292
1299
1294
1301
1296
1141
1298
1305
1300
1307
1302
1309
1304
1145
1306
1313
1308
1315
1310
1317
1312
1148
1314
1321
1316
1323
1318
1325
1320
1147
1329
1154
1326
1330
1322
1333
1324
1335
1332
1331
1328
1339
1175
1342
1183
1343
1191
1345
1199
1347
1207
1349
1215
1351
1223
1353
1231
1355
1239
1357
1247
1359
1255
1361
1263
1363
1271
1365
1279
1367
1287
1369
1295
1371
1303
1373
1311
1375
1319
1377
1327
1379
1337
1340
1334
1341
1344
1386
1346
1387
1348
1389
1350
1391
1352
1393
1354
1395
1356
1397
1358
1399
1360
1401
1362
1403
1364
1405
1366
1407
1368
1409
1370
1411
1372
1413
1374
1415
1376
1417
1378
1419
1380
1421
1382
1381
1385
1388
1427
1390
1428
1392
1430
1394
1432
1396
1434
1398
1436
1400
1438
1402
1440
1404
1442
1406
1444
1408
1446
1410
1448
1412
1450
1414
1452
1416
1454
1418
1456
1420
1458
1422
1460
1424
1423
1426
1429
1466
1431
1467
1433
1469
1435
1471
1437
1473
1439
1475
1441
1477
1443
1479
1445
1481
1447
1483
1449
1485
1451
1487
1453
1489
1455
1491
1457
1493
1459
1495
1461
1497
1463
1462
1465
1468
1503
1470
1504
1472
1506
1474
1508
1476
1510
1478
1512
1480
1514
1482
1516
1484
1518
1486
1520
1488
1522
1490
1524
1492
1526
1494
1528
1496
1530
1498
1532
1500
1499
1502
1505
1538
1507
1539
1509
1541
1511
1543
1513
1545
1515
1547
1517
1549
1519
1551
1521
1553
1523
1555
1525
1557
1527
1559
1529
1561
1531
1563
1533
1565
1535
1534
1537
1540
1571
1542
1572
1544
1574
1546
1576
1548
1578
1550
1580
1552
1582
1554
1584
1556
1586
1558
1588
1560
1590
1562
1592
1564
1594
1566
1596
1568
1567
1570
1573
1602
1575
1603
1577
1605
1579
1607
1581
1609
1583
1611
1585
1613
1587
1615
1589
1617
1591
1619
1593
1621
1595
1623
1597
1625
1599
1598
1601
1604
1631
1606
1632
1608
1634
1610
1636
1612
1638
1614
1640
1616
1642
1618
1644
1620
1646
1622
1648
1624
1650
1626
1652
1628
1627
1630
1633
1658
1635
1659
1637
1661
1639
1663
1641
1665
1643
1667
1645
1669
1647
1671
1649
1673
1651
1675
1653
1677
1655
1654
1657
1660
1683
1662
1684
1664
1686
1666
1688
1668
1690
1670
1692
1672
1694
1674
1696
1676
1698
1678
1700
1680
1679
1682
1685
1706
1687
1707
1689
1709
1691
1711
1693
1713
1695
1715
1697
1717
1699
1719
1701
1721
1703
1702
1705
1708
1727
1710
1728
1712
1730
1714
1732
1716
1734
1718
1736
1720
1738
1722
1740
1724
1723
1726
1729
1746
1731
1747
1733
1749
1735
1751
1737
1753
1739
1755
1741
1757
1743
1742
1745
1748
1763
1750
1764
1752
1766
1754
1768
1756
1770
1758
1772
1760
1759
1762
1765
1778
1767
1779
1769
1781
1771
1783
1773
1785
1775
1774
1777
1780
1791
1782
1792
1784
1794
1786
1796
1788
1787
1790
1793
1802
1795
1803
1797
1805
1799
1798
1801
1804
1811
1806
1812
1808
1807
1810
1813
1818
1815
1814
1817
1820
1819
1822
1825
1384
1827
1336
1826
1829
1828
1338
1832
1383
1831
1836
1833
1837
1835
1838
1841
1840
1843
1425
1834
1845
1839
1847
1842
1849
1844
1464
1846
1853
1848
1855
1850
1857
1852
1501
1854
1861
1856
1863
1858
1865
1860
1536
1862
1869
1864
1871
1866
1873
1868
1569
1870
1877
1872
1879
1874
1881
1876
1600
1878
1885
1880
1887
1882
1889
1884
1629
1886
1893
1888
1895
1890
1897
1892
1656
1894
1901
1896
1903
1898
1905
1900
1681
1902
1909
1904
1911
1906
1913
1908
1704
1910
1917
1912
1919
1914
1921
1916
1725
1918
1925
1920
1927
1922
1929
1924
1744
1926
1933
1928
1935
1930
1937
1932
1761
1934
1941
1936
1943
1938
1945
1940
1776
1942
1949
1944
1951
1946
1953
1948
1789
1950
1957
1952
1959
1954
1961
1956
1800
1958
1965
1960
1967
1962
1969
1964
1809
1966
1973
1968
1975
1970
1977
1972
1816
1974
1981
1976
1983
1978
1985
1980
1821
1982
1989
1984
1991
1986
1993
1988
1824
1990
1997
1992
1999
1994
2001
1996
1823
2005
1830
2002
2006
1998
2009
2000
2011
2008
2007
2004
2015
1851
2018
1859
2019
1867
2021
1875
2023
1883
2025
1891
2027
1899
2029
1907
2031
1915
2033
1923
2035
1931
2037
1939
2039
1947
2041
1955
2043
1963
2045
1971
2047
1979
2049
1987
2051
1995
2053
2003
2055
2013
2016
2010
2017
2020
2062
2022
2063
2024
2065
2026
2067
2028
2069
2030
2071
2032
2073
2034
2075
2036
2077
2038
2079
2040
2081
2042
2083
2044
2085
2046
2087
2048
2089
2050
2091
2052
2093
2054
2095
2056
2097
2058
2057
2061
2064
2103
2066
2104
2068
2106
2070
2108
2072
2110
2074
2112
2076
2114
2078
2116
2080
2118
2082
2120
2084
2122
2086
2124
2088
2126
2090
2128
2092
2130
2094
2132
2096
2134
2098
2136
2100
2099
2102
2105
2142
2107
2143
2109
2145
2111
2147
2113
2149
2115
2151
2117
2153
2119
2155
2121
2157
2123
2159
2125
2161
2127
2163
2129
2165
2131
2167
2133
2169
2135
2171
2137
2173
2139
2138
2141
2144
2179
2146
2180
2148
2182
2150
2184
2152
2186
2154
2188
2156
2190
2158
2192
2160
2194
2162
2196
2164
2198
2166
2200
2168
2202
2170
2204
2172
2206
2174
2208
2176
2175
2178
2181
2214
2183
2215
2185
2217
2187
2219
2189
2221
2191
2223
2193
2225
2195
2227
2197
2229
2199
2231
2201
2233
2203
2235
2205
2237
2207
2239
2209
2241
2211
2210
2213
2216
2247
2218
2248
2220
2250
2222
2252
2224
2254
2226
2256
2228
2258
2230
2260
2232
2262
2234
2264
2236
2266
2238
2268
2240
2270
2242
2272
2244
2243
2246
2249
2278
2251
2279
2253
2281
2255
2283
2257
2285
2259
2287
2261
2289
2263
2291
2265
2293
2267
2295
2269
2297
2271
2299
2273
2301
2275
2274
2277
2280
2307
2282
2308
2284
2310
2286
2312
2288
2314
2290
2316
2292
2318
2294
2320
2296
2322
2298
2324
2300
2326
2302
2328
2304
2303
2306
2309
2334
2311
2335
2313
2337
2315
2339
2317
2341
2319
2343
2321
2345
2323
2347
2325
2349
2327
2351
2329
2353
2331
2330
2333
2336
2359
2338
2360
2340
2362
2342
2364
2344
2366
2346
2368
2348
2370
2350
2372
2352
2374
2354
2376
2356
2355
2358
2361
2382
2363
2383
2365
2385
2367
2387
2369
2389
2371
2391
2373
2393
2375
2395
2377
2397
2379
2378
2381
2384
2403
2386
2404
2388
2406
2390
2408
2392
2410
2394
2412
2396
2414
2398
2416
2400
2399
2402
2405
2422
2407
2423
2409
2425
2411
2427
2413
2429
2415
2431
2417
2433
2419
2418
2421
2424
2439
2426
2440
2428
2442
2430
2444
2432
2446
2434
2448
2436
2435
2438
2441
2454
2443
2455
2445
2457
2447
2459
2449
2461
2451
2450
2453
2456
2467
2458
2468
2460
2470
2462
2472
2464
2463
2466
2469
2478
2471
2479
2473
2481
2475
2474
2477
2480
2487
2482
2488
2484
2483
2486
2489
2494
2491
2490
2493
2496
2495
2498
2501
2060
2503
2012
2502
2505
2504
2014
2508
2059
2507
2512
2509
2513
2511
2514
2517
2516
2519
2101
2510
2521
2515
2523
2518
2525
2520
2140
2522
2529
2524
2531
2526
2533
2528
2177
2530
2537
2532
2539
2534
2541
2536
2212
2538
2545
2540
2547
2542
2549
2544
2245
2546
2553
2548
2555
2550
2557
2552
2276
2554
2561
2556
2563
2558
2565
2560
2305
2562
2569
2564
2571
2566
2573
2568
2332
2570
2577
2572
2579
2574
2581
2576
2357
2578
2585
2580
2587
2582
2589
2584
2380
2586
2593
2588
2595
2590
2597
2592
2401
2594
2601
2596
2603
2598
2605
2600
2420
2602
2609
2604
2611
2606
2613
2608
2437
2610
2617
2612
2619
2614
2621
2616
2452
2618
2625
2620
2627
2622
2629
2624
2465
2626
2633
2628
2635
2630
2637
2632
2476
2634
2641
2636
2643
2638
2645
2640
2485
2642
2649
2644
2651
2646
2653
2648
2492
2650
2657
2652
2659
2654
2661
2656
2497
2658
2665
2660
2667
2662
2669
2664
2500
2666
2673
2668
2675
2670
2677
2672
2499
2681
2506
2678
2682
2674
2685
2676
2687
2684
2683
2680
2691
2527
2694
2535
2695
2543
2697
2551
2699
2559
2701
2567
2703
2575
2705
2583
2707
2591
2709
2599
2711
2607
2713
2615
2715
2623
2717
2631
2719
2639
2721
2647
2723
2655
2725
2663
2727
2671
2729
2679
2731
2689
2692
2686
2693
2696
2738
2698
2739
2700
2741
2702
2743
2704
2745
2706
2747
2708
2749
2710
2751
2712
2753
2714
2755
2716
2757
2718
2759
2720
2761
2722
2763
2724
2765
2726
2767
2728
2769
2730
2771
2732
2773
2734
2733
2737
2740
2779
2742
2780
2744
2782
2746
2784
2748
2786
2750
2788
2752
2790
2754
2792
2756
2794
2758
2796
2760
2798
2762
2800
2764
2802
2766
2804
2768
2806
2770
2808
2772
2810
2774
2812
2776
2775
2778
2781
2818
2783
2819
2785
2821
2787
2823
2789
2825
2791
2827
2793
2829
2795
2831
2797
2833
2799
2835
2801
2837
2803
2839
2805
2841
2807
2843
2809
2845
2811
2847
2813
2849
2815
2814
2817
2820
2855
2822
2856
2824
2858
2826
2860
2828
2862
2830
2864
2832
2866
2834
2868
2836
2870
2838
2872
2840
2874
2842
2876
2844
2878
2846
2880
2848
2882
2850
2884
2852
2851
2854
2857
2890
2859
2891
2861
2893
2863
2895
2865
2897
2867
2899
2869
2901
2871
2903
2873
2905
2875
2907
2877
2909
2879
2911
2881
2913
2883
2915
2885
2917
2887
2886
2889
2892
2923
2894
2924
2896
2926
2898
2928
2900
2930
2902
2932
2904
2934
2906
2936
2908
2938
2910
2940
2912
2942
2914
2944
2916
2946
2918
2948
2920
2919
2922
2925
2954
2927
2955
2929
2957
2931
2959
2933
2961
2935
2963
2937
2965
2939
2967
2941
2969
2943
2971
2945
2973
2947
2975
2949
2977
2951
2950
2953
2956
2983
2958
2984
2960
2986
2962
2988
2964
2990
2966
2992
2968
2994
2970
2996
2972
2998
2974
3000
2976
3002
2978
3004
2980
2979
2982
2985
3010
2987
3011
2989
3013
2991
3015
2993
3017
2995
3019
2997
3021
2999
3023
3001
3025
3003
3027
3005
3029
3007
3006
3009
3012
3035
3014
3036
3016
3038
3018
3040
3020
3042
3022
3044
3024
3046
3026
3048
3028
3050
3030
3052
3032
3031
3034
3037
3058
3039
3059
3041
3061
3043
3063
3045
3065
3047
3067
3049
3069
3051
3071
3053
3073
3055
3054
3057
3060
3079
3062
3080
3064
3082
3066
3084
3068
3086
3070
3088
3072
3090
3074
3092
3076
3075
3078
3081
3098
3083
3099
3085
3101
3087
3103
3089
3105
3091
3107
3093
3109
3095
3094
3097
3100
3115
3102
3116
3104
3118
3106
3120
3108
3122
3110
3124
3112
3111
3114
3117
3130
3119
3131
3121
3133
3123
3135
3125
3137
3127
3126
3129
3132
3143
3134
3144
3136
3146
3138
3148
3140
2441
268
270
272
720
290
58
48
1130
3157
3159
3156
51
3158
3160
3164
3162
731
3161
3166
3165
3163
3172
3169
3167
3171
3168
749
3170
3173
3178
686
3180
3175
3174
3179
3176
3181
3177
3190
3189
3192
3185
3182
672
3184
3187
3186
3183
3188
3194
3191
3202
3193
3198
3195
630
3197
3200
3199
3196
3201
3206
3203
3214
3205
3210
3207
637
3209
3212
3211
3208
3213
3218
3215
3226
3217
3222
3219
556
3221
3224
3223
3220
3225
3230
3227
3238
3229
3234
3231
567
3233
3236
3235
3232
3237
3242
3239
3250
3241
3246
3243
531
3245
3248
3247
3244
3249
3254
3251
3262
3253
3258
3255
493
3257
3260
3259
3256
3261
3266
3263
3274
3265
3270
3267
476
3269
3272
3271
3268
3273
3278
3275
3286
3277
3282
3279
441
3281
3284
3283
3280
3285
3290
3287
3298
3289
3294
3291
448
3293
3296
3295
3292
3297
3302
3299
3310
3301
3306
3303
403
3305
3308
3307
3304
3309
3314
3311
3322
3313
3318
3315
369
3317
3320
3319
3316
3321
3326
3323
3334
3325
3330
3327
351
3329
3332
3331
3328
3333
3338
3335
3346
3337
3342
3339
329
3341
3344
3343
3340
3345
3350
3347
3358
3349
3354
3351
321
3353
3356
3355
3352
3357
3362
3359
3370
3361
3366
3363
286
3365
3368
3367
3364
3369
3374
3371
3382
3373
3378
3375
331
3379
3376
3381
3386
3383
3392
3385
3380
3389
3388
3387
3377
3396
3399
3391
3401
3393
3404
3395
3390
3397
3400
3408
3402
3409
3403
3411
3405
3415
3407
3398
3416
3419
3418
3410
3421
3204
3425
3216
3426
3228
3428
3240
3430
3252
3432
3264
3434
3276
3436
3288
3438
3300
3440
3312
3442
3324
3444
3336
3446
3348
3448
3360
3450
3372
3452
3384
3454
3394
3456
3406
3458
3417
3460
3424
3427
3464
3429
3465
3431
3467
3433
3469
3435
3471
3437
3473
3439
3475
3441
3477
3443
3479
3445
3481
3447
3483
3449
3485
3451
3487
3453
3489
3455
3491
3457
3493
3459
3495
3461
3497
3463
3466
3501
3468
3502
3470
3504
3472
3506
3474
3508
3476
3510
3478
3512
3480
3514
3482
3516
3484
3518
3486
3520
3488
3522
3490
3524
3492
3526
3494
3528
3496
3530
3498
3532
3500
3503
3536
3505
3537
3507
3539
3509
3541
3511
3543
3513
3545
3515
3547
3517
3549
3519
3551
3521
3553
3523
3555
3525
3557
3527
3559
3529
3561
3531
3563
3533
3565
3535
3538
3569
3540
3570
3542
3572
3544
3574
3546
3576
3548
3578
3550
3580
3552
3582
3554
3584
3556
3586
3558
3588
3560
3590
3562
3592
3564
3594
3566
3596
3568
3571
3600
3573
3601
3575
3603
3577
3605
3579
3607
3581
3609
3583
3611
3585
3613
3587
3615
3589
3617
3591
3619
3593
3621
3595
3623
3597
3625
3599
3602
3629
3604
3630
3606
3632
3608
3634
3610
3636
3612
3638
3614
3640
3616
3642
3618
3644
3620
3646
3622
3648
3624
3650
3626
3652
3628
3631
3656
3633
3657
3635
3659
3637
3661
3639
3663
3641
3665
3643
3667
3645
3669
3647
3671
3649
3673
3651
3675
3653
3677
3655
3658
3681
3660
3682
3662
3684
3664
3686
3666
3688
3668
3690
3670
3692
3672
3694
3674
3696
3676
3698
3678
3700
3680
3683
3704
3685
3705
3687
3707
3689
3709
3691
3711
3693
3713
3695
3715
3697
3717
3699
3719
3701
3721
3703
3706
3725
3708
3726
3710
3728
3712
3730
3714
3732
3716
3734
3718
3736
3720
3738
3722
3740
3724
3727
3744
3729
3745
3731
3747
3733
3749
3735
3751
3737
3753
3739
3755
3741
3757
3743
3746
3761
3748
3762
3750
3764
3752
3766
3754
3768
3756
3770
3758
3772
3760
3763
3776
3765
3777
3767
3779
3769
3781
3771
3783
3773
3785
3775
3778
3789
3780
3790
3782
3792
3784
3794
3786
3796
3788
3791
3800
3793
3801
3795
3803
3797
3805
3799
3802
3809
3804
3810
3806
3812
3808
3811
3816
3813
3817
3815
3818
3821
3820
3823
3423
3825
3414
3824
3827
3826
3413
3831
3412
3833
3420
3830
3834
3422
3829
3839
3832
3835
3840
3837
3462
3836
3842
3841
3838
3848
3845
3843
3847
3844
3499
3846
3849
3854
3534
3856
3851
3850
3855
3852
3857
3853
3866
3865
3868
3861
3858
3567
3860
3863
3862
3859
3864
3870
3867
3878
3869
3874
3871
3598
3873
3876
3875
3872
3877
3882
3879
3890
3881
3886
3883
3627
3885
3888
3887
3884
3889
3894
3891
3902
3893
3898
3895
3654
3897
3900
3899
3896
3901
3906
3903
3914
3905
3910
3907
3679
3909
3912
3911
3908
3913
3918
3915
3926
3917
3922
3919
3702
3921
3924
3923
3920
3925
3930
3927
3938
3929
3934
3931
3723
3933
3936
3935
3932
3937
3942
3939
3950
3941
3946
3943
3742
3945
3948
3947
3944
3949
3954
3951
3962
3953
3958
3955
3759
3957
3960
3959
3956
3961
3966
3963
3974
3965
3970
3967
3774
3969
3972
3971
3968
3973
3978
3975
3986
3977
3982
3979
3787
3981
3984
3983
3980
3985
3990
3987
3998
3989
3994
3991
3798
3993
3996
3995
3992
3997
4002
3999
4010
4001
4006
4003
3807
4005
4008
4007
4004
4009
4014
4011
4022
4013
4018
4015
3814
4017
4020
4019
4016
4021
4026
4023
4034
4025
4030
4027
3819
4029
4032
4031
4028
4033
4038
4035
4046
4037
4042
4039
3822
4041
4044
4043
4040
4045
4050
4047
4058
4049
4054
4051
3828
4055
4052
4057
4062
4059
4068
4061
4056
4065
4064
4063
4053
4072
4075
4067
4077
4069
4080
4071
4066
4073
4076
4084
4078
4085
4079
4087
4081
4091
4083
4074
4092
4095
4094
4086
4097
3880
4101
3892
4102
3904
4104
3916
4106
3928
4108
3940
4110
3952
4112
3964
4114
3976
4116
3988
4118
4000
4120
4012
4122
4024
4124
4036
4126
4048
4128
4060
4130
4070
4132
4082
4134
4093
4136
4100
4103
4140
4105
4141
4107
4143
4109
4145
4111
4147
4113
4149
4115
4151
4117
4153
4119
4155
4121
4157
4123
4159
4125
4161
4127
4163
4129
4165
4131
4167
4133
4169
4135
4171
4137
4173
4139
4142
4177
4144
4178
4146
4180
4148
4182
4150
4184
4152
4186
4154
4188
4156
4190
4158
4192
4160
4194
4162
4196
4164
4198
4166
4200
4168
4202
4170
4204
4172
4206
4174
4208
4176
4179
4212
4181
4213
4183
4215
4185
4217
4187
4219
4189
4221
4191
4223
4193
4225
4195
4227
4197
4229
4199
4231
4201
4233
4203
4235
4205
4237
4207
4239
4209
4241
4211
4214
4245
4216
4246
4218
4248
4220
4250
4222
4252
4224
4254
4226
4256
4228
4258
4230
4260
4232
4262
4234
4264
4236
4266
4238
4268
4240
4270
4242
4272
4244
4247
4276
4249
4277
4251
4279
4253
4281
4255
4283
4257
4285
4259
4287
4261
4289
4263
4291
4265
4293
4267
4295
4269
4297
4271
4299
4273
4301
4275
4278
4305
4280
4306
4282
4308
4284
4310
4286
4312
4288
4314
4290
4316
4292
4318
4294
4320
4296
4322
4298
4324
4300
4326
4302
4328
4304
4307
4332
4309
4333
4311
4335
4313
4337
4315
4339
4317
4341
4319
4343
4321
4345
4323
4347
4325
4349
4327
4351
4329
4353
4331
4334
4357
4336
4358
4338
4360
4340
4362
4342
4364
4344
4366
4346
4368
4348
4370
4350
4372
4352
4374
4354
4376
4356
4359
4380
4361
4381
4363
4383
4365
4385
4367
4387
4369
4389
4371
4391
4373
4393
4375
4395
4377
4397
4379
4382
4401
4384
4402
4386
4404
4388
4406
4390
4408
4392
4410
4394
4412
4396
4414
4398
4416
4400
4403
4420
4405
4421
4407
4423
4409
4425
4411
4427
4413
4429
4415
4431
4417
4433
4419
4422
4437
4424
4438
4426
4440
4428
4442
4430
4444
4432
4446
4434
4448
4436
4439
4452
4441
4453
4443
4455
4445
4457
4447
4459
4449
4461
4451
4454
4465
4456
4466
4458
4468
4460
4470
4462
4472
4464
4467
4476
4469
4477
4471
4479
4473
4481
4475
4478
4485
4480
4486
4482
4488
4484
4487
4492
4489
4493
4491
4494
4497
4496
4499
4099
4501
4090
4500
4503
4502
4089
4507
4088
4509
4096
4506
4510
4098
4505
4515
4508
4511
4516
4513
4138
4512
4518
4517
4514
4524
4521
4519
4523
4520
4175
4522
4525
4530
4210
4532
4527
4526
4531
4528
4533
4529
4542
4541
4544
4537
4534
4243
4536
4539
4538
4535
4540
4546
4543
4554
4545
4550
4547
4274
4549
4552
4551
4548
4553
4558
4555
4566
4557
4562
4559
4303
4561
4564
4563
4560
4565
4570
4567
4578
4569
4574
4571
4330
4573
4576
4575
4572
4577
4582
4579
4590
4581
4586
4583
4355
4585
4588
4587
4584
4589
4594
4591
4602
4593
4598
4595
4378
4597
4600
4599
4596
4601
4606
4603
4614
4605
4610
4607
4399
4609
4612
4611
4608
4613
4618
4615
4626
4617
4622
4619
4418
4621
4624
4623
4620
4625
4630
4627
4638
4629
4634
4631
4435
4633
4636
4635
4632
4637
4642
4639
4650
4641
4646
4643
4450
4645
4648
4647
4644
4649
4654
4651
4662
4653
4658
4655
4463
4657
4660
4659
4656
4661
4666
4663
4674
4665
4670
4667
4474
4669
4672
4671
4668
4673
4678
4675
4686
4677
4682
4679
4483
4681
4684
4683
4680
4685
4690
4687
4698
4689
4694
4691
4490
4693
4696
4695
4692
4697
4702
4699
4710
4701
4706
4703
4495
4705
4708
4707
4704
4709
4714
4711
4722
4713
4718
4715
4498
4717
4720
4719
4716
4721
4726
4723
4734
4725
4730
4727
4504
4731
4728
4733
4738
4735
4744
4737
4732
4741
4740
4739
4729
4748
4751
4743
4753
4745
4756
4747
4742
4749
4752
4760
4754
4761
4755
4763
4757
4767
4759
4750
4768
4771
4770
4762
4773
4556
4777
4568
4778
4580
4780
4592
4782
4604
4784
4616
4786
4628
4788
4640
4790
4652
4792
4664
4794
4676
4796
4688
4798
4700
4800
4712
4802
4724
4804
4736
4806
4746
4808
4758
4810
4769
4812
4776
4779
4816
4781
4817
4783
4819
4785
4821
4787
4823
4789
4825
4791
4827
4793
4829
4795
4831
4797
4833
4799
4835
4801
4837
4803
4839
4805
4841
4807
4843
4809
4845
4811
4847
4813
4849
4815
4818
4853
4820
4854
4822
4856
4824
4858
4826
4860
4828
4862
4830
4864
4832
4866
4834
4868
4836
4870
4838
4872
4840
4874
4842
4876
4844
4878
4846
4880
4848
4882
4850
4884
4852
4855
4888
4857
4889
4859
4891
4861
4893
4863
4895
4865
4897
4867
4899
4869
4901
4871
4903
4873
4905
4875
4907
4877
4909
4879
4911
4881
4913
4883
4915
4885
4917
4887
4890
4921
4892
4922
4894
4924
4896
4926
4898
4928
4900
4930
4902
4932
4904
4934
4906
4936
4908
4938
4910
4940
4912
4942
4914
4944
4916
4946
4918
4948
4920
4923
4952
4925
4953
4927
4955
4929
4957
4931
4959
4933
4961
4935
4963
4937
4965
4939
4967
4941
4969
4943
4971
4945
4973
4947
4975
4949
4977
4951
4954
4981
4956
4982
4958
4984
4960
4986
4962
4988
4964
4990
4966
4992
4968
4994
4970
4996
4972
4998
4974
5000
4976
5002
4978
5004
4980
4983
5008
4985
5009
4987
5011
4989
5013
4991
5015
4993
5017
4995
5019
4997
5021
4999
5023
5001
5025
5003
5027
5005
5029
5007
5010
5033
5012
5034
5014
5036
5016
5038
5018
5040
5020
5042
5022
5044
5024
5046
5026
5048
5028
5050
5030
5052
5032
5035
5056
5037
5057
5039
5059
5041
5061
5043
5063
5045
5065
5047
5067
5049
5069
5051
5071
5053
5073
5055
5058
5077
5060
5078
5062
5080
5064
5082
5066
5084
5068
5086
5070
5088
5072
5090
5074
5092
5076
5079
5096
5081
5097
5083
5099
5085
5101
5087
5103
5089
5105
5091
5107
5093
5109
5095
5098
5113
5100
5114
5102
5116
5104
5118
5106
5120
5108
5122
5110
5124
5112
5115
5128
5117
5129
5119
5131
5121
5133
5123
5135
5125
5137
5127
5130
5141
5132
5142
5134
5144
5136
5146
5138
5148
5140
5143
5152
5145
5153
5147
5155
5149
5157
5151
5154
5161
5156
5162
5158
5164
5160
5163
5168
5165
5169
5167
5170
5173
5172
5175
4775
5177
4766
5176
5179
5178
4765
5183
4764
5185
4772
5182
5186
4774
5181
5191
5184
5187
5192
5189
4814
5188
5194
5193
5190
5200
5197
5195
5199
5196
4851
5198
5201
5206
4886
5208
5203
5202
5207
5204
5209
5205
5218
5217
5220
5213
5210
4919
5212
5215
5214
5211
5216
5222
5219
5230
5221
5226
5223
4950
5225
5228
5227
5224
5229
5234
5231
5242
5233
5238
5235
4979
5237
5240
5239
5236
5241
5246
5243
5254
5245
5250
5247
5006
5249
5252
5251
5248
5253
5258
5255
5266
5257
5262
5259
5031
5261
5264
5263
5260
5265
5270
5267
5278
5269
5274
5271
5054
5273
5276
5275
5272
5277
5282
5279
5290
5281
5286
5283
5075
5285
5288
5287
5284
5289
5294
5291
5302
5293
5298
5295
5094
5297
5300
5299
5296
5301
5306
5303
5314
5305
5310
5307
5111
5309
5312
5311
5308
5313
5318
5315
5326
5317
5322
5319
5126
5321
5324
5323
5320
5325
5330
5327
5338
5329
5334
5331
5139
5333
5336
5335
5332
5337
5342
5339
5350
5341
5346
5343
5150
5345
5348
5347
5344
5349
5354
5351
5362
5353
5358
5355
5159
5357
5360
5359
5356
5361
5366
5363
5374
5365
5370
5367
5166
5369
5372
5371
5368
5373
5378
5375
5386
5377
5382
5379
5171
5381
5384
5383
5380
5385
5390
5387
5398
5389
5394
5391
5174
5393
5396
5395
5392
5397
5402
5399
5410
5401
5406
5403
5180
5407
5404
5409
5414
5411
5420
5413
5408
5417
5416
5415
5405
5424
5427
5419
5429
5421
5432
5423
5418
5425
5428
5436
5430
5437
5431
5439
5433
5443
5435
5426
5444
5447
5446
5438
5449
5232
5453
5244
5454
5256
5456
5268
5458
5280
5460
5292
5462
5304
5464
5316
5466
5328
5468
5340
5470
5352
5472
5364
5474
5376
5476
5388
5478
5400
5480
5412
5482
5422
5484
5434
5486
5445
5488
5452
5455
5492
5457
5493
5459
5495
5461
5497
5463
5499
5465
5501
5467
5503
5469
5505
5471
5507
5473
5509
5475
5511
5477
5513
5479
5515
5481
5517
5483
5519
5485
5521
5487
5523
5489
5525
5491
5494
5529
5496
5530
5498
5532
5500
5534
5502
5536
5504
5538
5506
5540
5508
5542
5510
5544
5512
5546
5514
5548
5516
5550
5518
5552
5520
5554
5522
5556
5524
5558
5526
5560
5528
5531
5564
5533
5565
5535
5567
5537
5569
5539
5571
5541
5573
5543
5575
5545
5577
5547
5579
5549
5581
5551
5583
5553
5585
5555
5587
5557
5589
5559
5591
5561
5593
5563
5566
5597
5568
5598
5570
5600
5572
5602
5574
5604
5576
5606
5578
5608
5580
5610
5582
5612
5584
5614
5586
5616
5588
5618
5590
5620
5592
5622
5594
5624
5596
5599
5628
5601
5629
5603
5631
5605
5633
5607
5635
5609
5637
5611
5639
5613
5641
5615
5643
5617
5645
5619
5647
5621
5649
5623
5651
5625
5653
5627
5630
5657
5632
5658
5634
5660
5636
5662
5638
5664
5640
5666
5642
5668
5644
5670
5646
5672
5648
5674
5650
5676
5652
5678
5654
5680
5656
5659
5684
5661
5685
5663
5687
5665
5689
5667
5691
5669
5693
5671
5695
5673
5697
5675
5699
5677
5701
5679
5703
5681
5705
5683
5686
5709
5688
5710
5690
5712
5692
5714
5694
5716
5696
5718
5698
5720
5700
5722
5702
5724
5704
5726
5706
5728
5708
5711
5732
5713
5733
5715
5735
5717
5737
5719
5739
5721
5741
5723
5743
5725
5745
5727
5747
5729
5749
5731
5734
5753
5736
5754
5738
5756
5740
5758
5742
5760
5744
5762
5746
5764
5748
5766
5750
5768
5752
5755
5772
5757
5773
5759
5775
5761
5777
5763
5779
5765
5781
5767
5783
5769
5785
5771
5774
5789
5776
5790
5778
5792
5780
5794
5782
5796
5784
5798
5786
5800
5788
5791
5804
5793
5805
5795
5807
5797
5809
5799
5811
5801
5813
5803
5806
5817
5808
5818
5810
5820
5812
5822
5814
5824
5816
5819
5828
5821
5829
5823
5831
5825
5833
5827
5830
5837
5832
5838
5834
5840
5836
5839
5844
5841
5845
5843
5846
5849
5848
5851
5451
5853
5442
5852
5855
5854
5441
5859
5440
5861
5448
5858
5862
5450
5857
5867
5860
5863
5868
5865
5490
5864
5870
5869
5866
5876
5873
5871
5875
5872
5527
5874
5877
5882
5562
5884
5879
5878
5883
5880
5885
5881
5894
5893
5896
5889
5886
5595
5888
5891
5890
5887
5892
5898
5895
5906
5897
5902
5899
5626
5901
5904
5903
5900
5905
5910
5907
5918
5909
5914
5911
5655
5913
5916
5915
5912
5917
5922
5919
5930
5921
5926
5923
5682
5925
5928
5927
5924
5929
5934
5931
5942
5933
5938
5935
5707
5937
5940
5939
5936
5941
5946
5943
5954
5945
5950
5947
5730
5949
5952
5951
5948
5953
5958
5955
5966
5957
5962
5959
5751
5961
5964
5963
5960
5965
5970
5967
5978
5969
5974
5971
5770
5973
5976
5975
5972
5977
5982
5979
5990
5981
5986
5983
5787
5985
5988
5987
5984
5989
5994
5991
6002
5993
5998
5995
5802
5997
6000
5999
5996
6001
6006
6003
6014
6005
6010
6007
5815
6009
6012
6011
6008
6013
6018
6015
6026
6017
6022
6019
5826
6021
6024
6023
6020
6025
6030
6027
6038
6029
6034
6031
5835
6033
6036
6035
6032
6037
6042
6039
6050
6041
6046
6043
5842
6045
6048
6047
6044
6049
6054
6051
6062
6053
6058
6055
5847
6057
6060
6059
6056
6061
6066
6063
6074
6065
6070
6067
5850
6069
6072
6071
6068
6073
6078
6075
6086
6077
6082
6079
5856
6083
6080
6085
6090
6087
6096
6089
6084
6093
6092
6091
6081
6100
6103
6095
6105
6097
6108
6099
6094
6101
6104
6112
6106
6113
6107
6115
6109
6119
6111
6102
6120
6123
6122
6114
6125
5908
6129
5920
6130
5932
6132
5944
6134
5956
6136
5968
6138
5980
6140
5992
6142
6004
6144
6016
6146
6028
6148
6040
6150
6052
6152
6064
6154
6076
6156
6088
6158
6098
6160
6110
6162
6121
6164
6128
6131
6168
6133
6169
6135
6171
6137
6173
6139
6175
6141
6177
6143
6179
6145
6181
6147
6183
6149
6185
6151
6187
6153
6189
6155
6191
6157
6193
6159
6195
6161
6197
6163
6199
6165
6201
6167
6170
6205
6172
6206
6174
6208
6176
6210
6178
6212
6180
6214
6182
6216
6184
6218
6186
6220
6188
6222
6190
6224
6192
6226
6194
6228
6196
6230
6198
6232
6200
6234
6202
6236
6204
6207
6240
6209
6241
6211
6243
6213
6245
6215
6247
6217
6249
6219
6251
6221
6253
6223
6255
6225
6257
6227
6259
6229
6261
6231
6263
6233
6265
6235
6267
6237
6269
6239
6242
6273
6244
6274
6246
6276
6248
6278
6250
6280
6252
6282
6254
6284
6256
6286
6258
6288
6260
6290
6262
6292
6264
6294
6266
6296
6268
6298
6270
6300
6272
6275
6304
6277
6305
6279
6307
6281
6309
6283
6311
6285
6313
6287
6315
6289
6317
6291
6319
6293
6321
6295
6323
6297
6325
6299
6327
6301
6329
6303
6306
6333
6308
6334
6310
6336
6312
6338
6314
6340
6316
6342
6318
6344
6320
6346
6322
6348
6324
6350
6326
6352
6328
6354
6330
6356
6332
6335
6360
6337
6361
6339
6363
6341
6365
6343
6367
6345
6369
6347
6371
6349
6373
6351
6375
6353
6377
6355
6379
6357
6381
6359
6362
6385
6364
6386
6366
6388
6368
6390
6370
6392
6372
6394
6374
6396
6376
6398
6378
6400
6380
6402
6382
6404
6384
6387
6408
6389
6409
6391
6411
6393
6413
6395
6415
6397
6417
6399
6419
6401
6421
6403
6423
6405
6425
6407
6410
6429
6412
6430
6414
6432
6416
6434
6418
6436
6420
6438
6422
6440
6424
6442
6426
6444
6428
6431
6448
6433
6449
6435
6451
6437
6453
6439
6455
6441
6457
6443
6459
6445
6461
6447
6450
6465
6452
6466
6454
6468
6456
6470
6458
6472
6460
6474
6462
6476
6464
6467
6480
6469
6481
6471
6483
6473
6485
6475
6487
6477
6489
6479
6482
6493
6484
6494
6486
6496
6488
6498
6490
6500
6492
6495
6504
6497
6505
6499
6507
6501
6509
6503
6506
6513
6508
6514
6510
6516
6512
6515
6520
6517
6521
6519
6522
6525
6524
6527
6127
6529
6118
6528
6531
6530
6117
6535
6116
6537
6124
6534
6538
6126
6533
6543
6536
6539
6544
6541
6166
6540
6546
6545
6542
6552
6549
6547
6551
6548
6203
6550
6553
6558
6238
6560
6555
6554
6559
6556
6561
6557
6570
6569
6572
6565
6562
6271
6564
6567
6566
6563
6568
6574
6571
6582
6573
6578
6575
6302
6577
6580
6579
6576
6581
6586
6583
6594
6585
6590
6587
6331
6589
6592
6591
6588
6593
6598
6595
6606
6597
6602
6599
6358
6601
6604
6603
6600
6605
6610
6607
6618
6609
6614
6611
6383
6613
6616
6615
6612
6617
6622
6619
6630
6621
6626
6623
6406
6625
6628
6627
6624
6629
6634
6631
6642
6633
6638
6635
6427
6637
6640
6639
6636
6641
6646
6643
6654
6645
6650
6647
6446
6649
6652
6651
6648
6653
6658
6655
6666
6657
6662
6659
6463
6661
6664
6663
6660
6665
6670
6667
6678
6669
6674
6671
6478
6673
6676
6675
6672
6677
6682
6679
6690
6681
6686
6683
6491
6685
6688
6687
6684
6689
6694
6691
6702
6693
6698
6695
6502
6697
6700
6699
6696
6701
6706
6703
6714
6705
6710
6707
6511
6709
6712
6711
6708
6713
6718
6715
6726
6717
6722
6719
6518
6721
6724
6723
6720
6725
6730
6727
6738
6729
6734
6731
6523
6733
6736
6735
6732
6737
6742
6739
6750
6741
6746
6743
6526
6745
6748
6747
6744
6749
6754
6751
6762
6753
6758
6755
6532
6759
6756
6761
6766
6763
6772
6765
6760
6769
6768
6767
6757
6776
6779
6771
6781
6773
6784
6775
6770
6777
6780
6788
6782
6789
6783
6791
6785
6795
6787
6778
6796
6799
6798
6790
6801
6584
6805
6596
6806
6608
6808
6620
6810
6632
6812
6644
6814
6656
6816
6668
6818
6680
6820
6692
6822
6704
6824
6716
6826
6728
6828
6740
6830
6752
6832
6764
6834
6774
6836
6786
6838
6797
6840
6804
6807
6844
6809
6845
6811
6847
6813
6849
6815
6851
6817
6853
6819
6855
6821
6857
6823
6859
6825
6861
6827
6863
6829
6865
6831
6867
6833
6869
6835
6871
6837
6873
6839
6875
6841
6877
6843
6846
6881
6848
6882
6850
6884
6852
6886
6854
6888
6856
6890
6858
6892
6860
6894
6862
6896
6864
6898
6866
6900
6868
6902
6870
6904
6872
6906
6874
6908
6876
6910
6878
6912
6880
6883
6916
6885
6917
6887
6919
6889
6921
6891
6923
6893
6925
6895
6927
6897
6929
6899
6931
6901
6933
6903
6935
6905
6937
6907
6939
6909
6941
6911
6943
6913
6945
6915
6918
6949
6920
6950
6922
6952
6924
6954
6926
6956
6928
6958
6930
6960
6932
6962
6934
6964
6936
6966
6938
6968
6940
6970
6942
6972
6944
6974
6946
6976
6948
6951
6980
6953
6981
6955
6983
6957
6985
6959
6987
6961
6989
6963
6991
6965
6993
6967
6995
6969
6997
6971
6999
6973
7001
6975
7003
6977
7005
6979
6982
7009
6984
7010
6986
7012
6988
7014
6990
7016
6992
7018
6994
7020
6996
7022
6998
7024
7000
7026
7002
7028
7004
7030
7006
7032
7008
7011
7036
7013
7037
7015
7039
7017
7041
7019
7043
7021
7045
7023
7047
7025
7049
7027
7051
7029
7053
7031
7055
7033
7057
7035
7038
7061
7040
7062
7042
7064
7044
7066
7046
7068
7048
7070
7050
7072
7052
7074
7054
7076
7056
7078
7058
7080
7060
7063
7084
7065
7085
7067
7087
7069
7089
7071
7091
7073
7093
7075
7095
7077
7097
7079
7099
7081
7101
7083
7086
7105
7088
7106
7090
7108
7092
7110
7094
7112
7096
7114
7098
7116
7100
7118
7102
7120
7104
7107
7124
7109
7125
7111
7127
7113
7129
7115
7131
7117
7133
7119
7135
7121
7137
7123
7126
7141
7128
7142
7130
7144
7132
7146
7134
7148
7136
7150
7138
7152
7140
7143
7156
7145
7157
7147
7159
7149
7161
7151
7163
7153
7165
7155
7158
7169
7160
7170
7162
7172
7164
7174
7166
7176
7168
7171
7180
7173
7181
7175
7183
7177
7185
7179
7182
7189
7184
7190
7186
7192
7188
7191
7196
7193
7197
7195
7198
7201
7200
7203
6803
7205
6794
7204
7207
7206
6793
7211
6792
7213
6800
7210
7214
6802
7209
7219
7212
7215
7220
7217
6842
7216
7222
7221
7218
7228
7225
7223
7227
7224
6879
7226
7229
7234
6914
7236
7231
7230
7235
7232
7237
7233
7246
7245
7248
7241
7238
6947
7240
7243
7242
7239
7244
7250
7247
7258
7249
7254
7251
6978
7253
7256
7255
7252
7257
7262
7259
7270
7261
7266
7263
7007
7265
7268
7267
7264
7269
7274
7271
7282
7273
7278
7275
7034
7277
7280
7279
7276
7281
7286
7283
7294
7285
7290
7287
7059
7289
7292
7291
7288
7293
7298
7295
7306
7297
7302
7299
7082
7301
7304
7303
7300
7305
7310
7307
7318
7309
7314
7311
7103
7313
7316
7315
7312
7317
7322
7319
7330
7321
7326
7323
7122
7325
7328
7327
7324
7329
7334
7331
7342
7333
7338
7335
7139
7337
7340
7339
7336
7341
7346
7343
7354
7345
7350
7347
7154
7349
7352
7351
7348
7353
7358
7355
7366
7357
7362
7359
7167
7361
7364
7363
7360
7365
7370
7367
7378
7369
7374
7371
7178
7373
7376
7375
7372
7377
7382
7379
7390
7381
7386
7383
7187
7385
7388
7387
7384
7389
7394
7391
7402
7393
7398
7395
7194
7397
7400
7399
7396
7401
7406
7403
7414
7405
7410
7407
7199
7409
7412
7411
7408
7413
7418
7415
7426
7417
7422
7419
7202
7421
7424
7423
7420
7425
7430
7427
7438
7429
7434
7431
7208
7435
7432
7437
7442
7439
7448
7441
7436
7445
7444
7443
7433
7452
7455
7447
7457
7449
7460
7451
7446
7453
7456
7464
7458
7465
7459
7467
7461
7471
7463
7454
7472
7475
7474
7466
7477
7260
7481
7272
7482
7284
7484
7296
7486
7308
7488
7320
7490
7332
7492
7344
7494
7356
7496
7368
7498
7380
7500
7392
7502
7404
7504
7416
7506
7428
7508
7440
7510
7450
7512
7462
7514
7473
7516
7480
7483
7520
7485
7521
7487
7523
7489
7525
7491
7527
7493
7529
7495
7531
7497
7533
7499
7535
7501
7537
7503
7539
7505
7541
7507
7543
7509
7545
7511
7547
7513
7549
7515
7551
7517
7553
7519
7522
7557
7524
7558
7526
7560
7528
7562
7530
7564
7532
7566
7534
7568
7536
7570
7538
7572
7540
7574
7542
7576
7544
7578
7546
7580
7548
7582
7550
7584
7552
7586
7554
7588
7556
7559
7592
7561
7593
7563
7595
7565
7597
7567
7599
7569
7601
7571
7603
7573
7605
7575
7607
7577
7609
7579
7611
7581
7613
7583
7615
7585
7617
7587
7619
7589
7621
7591
7594
7625
7596
7626
7598
7628
7600
7630
7602
7632
7604
7634
7606
7636
7608
7638
7610
7640
7612
7642
7614
7644
7616
7646
7618
7648
7620
7650
7622
7652
7624
7627
7656
7629
7657
7631
7659
7633
7661
7635
7663
7637
7665
7639
7667
7641
7669
7643
7671
7645
7673
7647
7675
7649
7677
7651
7679
7653
7681
7655
7658
7685
7660
7686
7662
7688
7664
7690
7666
7692
7668
7694
7670
7696
7672
7698
7674
7700
7676
7702
7678
7704
7680
7706
7682
7708
7684
7687
7712
7689
7713
7691
7715
7693
7717
7695
7719
7697
7721
7699
7723
7701
7725
7703
7727
7705
7729
7707
7731
7709
7733
7711
7714
7737
7716
7738
7718
7740
7720
7742
7722
7744
7724
7746
7726
7748
7728
7750
7730
7752
7732
7754
7734
7756
7736
7739
7760
7741
7761
7743
7763
7745
7765
7747
7767
7749
7769
7751
7771
7753
7773
7755
7775
7757
7777
7759
7762
7781
7764
7782
7766
7784
7768
7786
7770
7788
7772
7790
7774
7792
7776
7794
7778
7796
7780
7783
7800
7785
7801
7787
7803
7789
7805
7791
7807
7793
7809
7795
7811
7797
7813
7799
7802
7817
7804
7818
7806
7820
7808
7822
7810
7824
7812
7826
7814
7828
7816
7819
7832
7821
7833
7823
7835
7825
7837
7827
7839
7829
7841
7831
7834
7845
7836
7846
7838
7848
7840
7850
7842
7852
7844
7847
7856
7849
7857
7851
7859
7853
7861
7855
7858
7865
7860
7866
7862
7868
7864
7867
7872
7869
7873
7871
7874
7877
7876
7879
7479
7881
7470
7880
7883
7882
7469
7887
7468
7889
7476
7886
7890
7478
7885
7895
7888
7891
7896
7893
7518
7892
7898
7897
7894
7904
7901
7899
7903
7900
7555
7902
7905
7910
7590
7912
7907
7906
7911
7908
7913
7909
7922
7921
7924
7917
7914
7623
7916
7919
7918
7915
7920
7926
7923
7934
7925
7930
7927
7654
7929
7932
7931
7928
7933
7938
7935
7946
7937
7942
7939
7683
7941
7944
7943
7940
7945
7950
7947
7958
7949
7954
7951
7710
7953
7956
7955
7952
7957
7962
7959
7970
7961
7966
7963
7735
7965
7968
7967
7964
7969
7974
7971
7982
7973
7978
7975
7758
7977
7980
7979
7976
7981
7986
7983
7994
7985
7990
7987
7779
7989
7992
7991
7988
7993
7998
7995
8006
7997
8002
7999
7798
8001
8004
8003
8000
8005
8010
8007
8018
8009
8014
8011
7815
8013
8016
8015
8012
8017
8022
8019
8030
8021
8026
8023
7830
8025
8028
8027
8024
8029
8034
8031
8042
8033
8038
8035
7843
8037
8040
8039
8036
8041
8046
8043
8054
8045
8050
8047
7854
8049
8052
8051
8048
8053
8058
8055
8066
8057
8062
8059
7863
8061
8064
8063
8060
8065
8070
8067
8078
8069
8074
8071
7870
8073
8076
8075
8072
8077
8082
8079
8090
8081
8086
8083
7875
8085
8088
8087
8084
8089
8094
8091
8102
8093
8098
8095
7878
8097
8100
8099
8096
8101
8106
8103
8114
8105
8110
8107
7884
8111
8108
8113
8118
8115
8124
8117
8112
8121
8120
8119
8109
8128
8131
8123
8133
8125
8136
8127
8122
8129
8132
8140
8134
8141
8135
8143
8137
8147
8139
8130
8148
8151
8150
8142
8153
7936
8157
7948
8158
7960
8160
7972
8162
7984
8164
7996
8166
8008
8168
8020
8170
8032
8172
8044
8174
8056
8176
8068
8178
8080
8180
8092
8182
8104
8184
8116
8186
8126
8188
8138
8190
8149
8192
8156
8159
8196
8161
8197
8163
8199
8165
8201
8167
8203
8169
8205
8171
8207
8173
8209
8175
8211
8177
8213
8179
8215
8181
8217
8183
8219
8185
8221
8187
8223
8189
8225
8191
8227
8193
8229
8195
8198
8233
8200
8234
8202
8236
8204
8238
8206
8240
8208
8242
8210
8244
8212
8246
8214
8248
8216
8250
8218
8252
8220
8254
8222
8256
8224
8258
8226
8260
8228
8262
8230
8264
8232
8235
8268
8237
8269
8239
8271
8241
8273
8243
8275
8245
8277
8247
8279
8249
8281
8251
8283
8253
8285
8255
8287
8257
8289
8259
8291
8261
8293
8263
8295
8265
8297
8267
8270
8301
8272
8302
8274
8304
8276
8306
8278
8308
8280
8310
8282
8312
8284
8314
8286
8316
8288
8318
8290
8320
8292
8322
8294
8324
8296
8326
8298
8328
8300
8303
8332
8305
8333
8307
8335
8309
8337
8311
8339
8313
8341
8315
8343
8317
8345
8319
8347
8321
8349
8323
8351
8325
8353
8327
8355
8329
8357
8331
8334
8361
8336
8362
8338
8364
8340
8366
8342
8368
8344
8370
8346
8372
8348
8374
8350
8376
8352
8378
8354
8380
8356
8382
8358
8384
8360
8363
8388
8365
8389
8367
8391
8369
8393
8371
8395
8373
8397
8375
8399
8377
8401
8379
8403
8381
8405
8383
8407
8385
8409
8387
8390
8413
8392
8414
8394
8416
8396
8418
8398
8420
8400
8422
8402
8424
8404
8426
8406
8428
8408
8430
8410
8432
8412
8415
8436
8417
8437
8419
8439
8421
8441
8423
8443
8425
8445
8427
8447
8429
8449
8431
8451
8433
8453
8435
8438
8457
8440
8458
8442
8460
8444
8462
8446
8464
8448
8466
8450
8468
8452
8470
8454
8472
8456
8459
8476
8461
8477
8463
8479
8465
8481
8467
8483
8469
8485
8471
8487
8473
8489
8475
8478
8493
8480
8494
8482
8496
8484
8498
8486
8500
8488
8502
8490
8504
8492
8495
8508
8497
8509
8499
8511
8501
8513
8503
8515
8505
8517
8507
8510
8521
8512
8522
8514
8524
8516
8526
8518
8528
8520
8523
8532
8525
8533
8527
8535
8529
8537
8531
8534
8541
8536
8542
8538
8544
8540
8543
8548
8545
8549
8547
8550
8553
8552
8555
8155
8557
8146
8556
8559
8558
8145
8563
8144
8565
8152
8562
8566
8154
8561
8571
8564
8567
8572
8569
8194
8568
8574
8573
8570
8580
8577
8575
8579
8576
8231
8578
8581
8586
8266
8588
8583
8582
8587
8584
8589
8585
8598
8597
8600
8593
8590
8299
8592
8595
8594
8591
8596
8602
8599
8610
8601
8606
8603
8330
8605
8608
8607
8604
8609
8614
8611
8622
8613
8618
8615
8359
8617
8620
8619
8616
8621
8626
8623
8634
8625
8630
8627
8386
8629
8632
8631
8628
8633
8638
8635
8646
8637
8642
8639
8411
8641
8644
8643
8640
8645
8650
8647
8658
8649
8654
8651
8434
8653
8656
8655
8652
8657
8662
8659
8670
8661
8666
8663
8455
8665
8668
8667
8664
8669
8674
8671
8682
8673
8678
8675
8474
8677
8680
8679
8676
8681
8686
8683
8694
8685
8690
8687
8491
8689
8692
8691
8688
8693
8698
8695
8706
8697
8702
8699
8506
8701
8704
8703
8700
8705
8710
8707
8718
8709
8714
8711
8519
8713
8716
8715
8712
8717
8722
8719
8730
8721
8726
8723
8530
8725
8728
8727
8724
8729
8734
8731
8742
8733
8738
8735
8539
8737
8740
8739
8736
8741
8746
8743
8754
8745
8750
8747
8546
8749
8752
8751
8748
8753
8758
8755
8766
8757
8762
8759
8551
8761
8764
8763
8760
8765
8770
8767
8778
8769
8774
8771
8554
8773
8776
8775
8772
8777
8782
8779
8790
8781
8786
8783
8560
8787
8784
8789
8794
8791
8800
8793
8788
8797
8796
8795
8785
8804
8807
8799
8809
8801
8812
8803
8798
8805
8808
8816
8810
8817
8811
8819
8813
8823
8815
8806
8824
8827
8826
8818
8829
8612
8833
8624
8834
8636
8836
8648
8838
8660
8840
8672
8842
8684
8844
8696
8846
8708
8848
8720
8850
8732
8852
8744
8854
8756
8856
8768
8858
8780
8860
8792
8862
8802
8864
8814
8866
8825
8868
8832
8835
8872
8837
8873
8839
8875
8841
8877
8843
8879
8845
8881
8847
8883
8849
8885
8851
8887
8853
8889
8855
8891
8857
8893
8859
8895
8861
8897
8863
8899
8865
8901
8867
8903
8869
8905
8871
8874
8909
8876
8910
8878
8912
8880
8914
8882
8916
8884
8918
8886
8920
8888
8922
8890
8924
8892
8926
8894
8928
8896
8930
8898
8932
8900
8934
8902
8936
8904
8938
8906
8940
8908
8911
8944
8913
8945
8915
8947
8917
8949
8919
8951
8921
8953
8923
8955
8925
8957
8927
8959
8929
8961
8931
8963
8933
8965
8935
8967
8937
8969
8939
8971
8941
8973
8943
8946
8977
8948
8978
8950
8980
8952
8982
8954
8984
8956
8986
8958
8988
8960
8990
8962
8992
8964
8994
8966
8996
8968
8998
8970
9000
8972
9002
8974
9004
8976
8979
9008
8981
9009
8983
9011
8985
9013
8987
9015
8989
9017
8991
9019
8993
9021
8995
9023
8997
9025
8999
9027
9001
9029
9003
9031
9005
9033
9007
9010
9037
9012
9038
9014
9040
9016
9042
9018
9044
9020
9046
9022
9048
9024
9050
9026
9052
9028
9054
9030
9056
9032
9058
9034
9060
9036
9039
9064
9041
9065
9043
9067
9045
9069
9047
9071
9049
9073
9051
9075
9053
9077
9055
9079
9057
9081
9059
9083
9061
9085
9063
9066
9089
9068
9090
9070
9092
9072
9094
9074
9096
9076
9098
9078
9100
9080
9102
9082
9104
9084
9106
9086
9108
9088
9091
9112
9093
9113
9095
9115
9097
9117
9099
9119
9101
9121
9103
9123
9105
9125
9107
9127
9109
9129
9111
9114
9133
9116
9134
9118
9136
9120
9138
9122
9140
9124
9142
9126
9144
9128
9146
9130
9148
9132
9135
9152
9137
9153
9139
9155
9141
9157
9143
9159
9145
9161
9147
9163
9149
9165
9151
9154
9169
9156
9170
9158
9172
9160
9174
9162
9176
9164
9178
9166
9180
9168
9171
9184
9173
9185
9175
9187
9177
9189
9179
9191
9181
9193
9183
9186
9197
9188
9198
9190
9200
9192
9202
9194
9204
9196
9199
9208
9201
9209
9203
9211
9205
9213
9207
9210
9217
9212
9218
9214
9220
9216
9219
9224
9221
9225
9223
9226
9229
9228
9231
8831
9233
8822
9232
9235
9234
8821
9239
8820
9241
8828
9238
9242
8830
9237
9247
9240
9243
9248
9245
8870
9244
9250
9249
9246
9256
9253
9251
9255
9252
8907
9254
9257
9262
8942
9264
9259
9258
9263
9260
9265
9261
9274
9273
9276
9269
9266
8975
9268
9271
9270
9267
9272
9278
9275
9286
9277
9282
9279
9006
9281
9284
9283
9280
9285
9290
9287
9298
9289
9294
9291
9035
9293
9296
9295
9292
9297
9302
9299
9310
9301
9306
9303
9062
9305
9308
9307
9304
9309
9314
9311
9322
9313
9318
9315
9087
9317
9320
9319
9316
9321
9326
9323
9334
9325
9330
9327
9110
9329
9332
9331
9328
9333
9338
9335
9346
9337
9342
9339
9131
9341
9344
9343
9340
9345
9350
9347
9358
9349
9354
9351
9150
9353
9356
9355
9352
9357
9362
9359
9370
9361
9366
9363
9167
9365
9368
9367
9364
9369
9374
9371
9382
9373
9378
9375
9182
9377
9380
9379
9376
9381
9386
9383
9394
9385
9390
9387
9195
9389
9392
9391
9388
9393
9398
9395
9406
9397
9402
9399
9206
9401
9404
9403
9400
9405
9410
9407
9418
9409
9414
9411
9215
9413
9416
9415
9412
9417
9422
9419
9430
9421
9426
9423
9222
9425
9428
9427
9424
9429
9434
9431
9442
9433
9438
9435
9227
9437
9440
9439
9436
9441
9446
9443
9454
9445
9450
9447
9230
9449
9452
9451
9448
9453
9458
9455
9466
9457
9462
9459
9236
9463
9460
9465
9470
9467
9476
9469
9464
9473
9472
9471
9461
9480
9483
9475
9485
9477
9488
9479
9474
9481
9484
9492
9486
9493
9487
9495
9489
9499
9491
9482
9500
9503
9502
9494
9505
9288
9509
9300
9510
9312
9512
9324
9514
9336
9516
9348
9518
9360
9520
9372
9522
9384
9524
9396
9526
9408
9528
9420
9530
9432
9532
9444
9534
9456
9536
9468
9538
9478
9540
9490
9542
9501
9544
9508
9511
9548
9513
9549
9515
9551
9517
9553
9519
9555
9521
9557
9523
9559
9525
9561
9527
9563
9529
9565
9531
9567
9533
9569
9535
9571
9537
9573
9539
9575
9541
9577
9543
9579
9545
9581
9547
9550
9585
9552
9586
9554
9588
9556
9590
9558
9592
9560
9594
9562
9596
9564
9598
9566
9600
9568
9602
9570
9604
9572
9606
9574
9608
9576
9610
9578
9612
9580
9614
9582
9616
9584
9587
9620
9589
9621
9591
9623
9593
9625
9595
9627
9597
9629
9599
9631
9601
9633
9603
9635
9605
9637
9607
9639
9609
9641
9611
9643
9613
9645
9615
9647
9617
9649
9619
9622
9653
9624
9654
9626
9656
9628
9658
9630
9660
9632
9662
9634
9664
9636
9666
9638
9668
9640
9670
9642
9672
9644
9674
9646
9676
9648
9678
9650
9680
9652
9655
9684
9657
9685
9659
9687
9661
9689
9663
9691
9665
9693
9667
9695
9669
9697
9671
9699
9673
9701
9675
9703
9677
9705
9679
9707
9681
9709
9683
9686
9713
9688
9714
9690
9716
9692
9718
9694
9720
9696
9722
9698
9724
9700
9726
9702
9728
9704
9730
9706
9732
9708
9734
9710
9736
9712
9715
9740
9717
9741
9719
9743
9721
9745
9723
9747
9725
9749
9727
9751
9729
9753
9731
9755
9733
9757
9735
9759
9737
9761
9739
9742
9765
9744
9766
9746
9768
9748
9770
9750
9772
9752
9774
9754
9776
9756
9778
9758
9780
9760
9782
9762
9784
9764
9767
9788
9769
9789
9771
9791
9773
9793
9775
9795
9777
9797
9779
9799
9781
9801
9783
9803
9785
9805
9787
9790
9809
9792
9810
9794
9812
9796
9814
9798
9816
9800
9818
9802
9820
9804
9822
9806
9824
9808
9811
9828
9813
9829
9815
9831
9817
9833
9819
9835
9821
9837
9823
9839
9825
9841
9827
9830
9845
9832
9846
9834
9848
9836
9850
9838
9852
9840
9854
9842
9856
9844
9847
9860
9849
9861
9851
9863
9853
9865
9855
9867
9857
9869
9859
9862
9873
9864
9874
9866
9876
9868
9878
9870
9880
9872
9875
9884
9877
9885
9879
9887
9881
9889
9883
9886
9893
9888
9894
9890
9896
9892
9895
9900
9897
9901
9899
9902
9905
9904
9907
9507
9909
9498
9908
9911
9910
9497
9915
9496
9917
9504
9914
9918
9506
9913
9923
9916
9919
9924
9921
9546
9920
9926
9925
9922
9932
9929
9927
9931
9928
9583
9930
9933
9938
9618
9940
9935
9934
9939
9936
9941
9937
9950
9949
9952
9945
9942
9651
9944
9947
9946
9943
9948
9954
9951
9962
9953
9958
9955
9682
9957
9960
9959
9956
9961
9966
9963
9974
9965
9970
9967
9711
9969
9972
9971
9968
9973
9978
9975
9986
9977
9982
9979
9738
9981
9984
9983
9980
9985
9990
9987
9998
9989
9994
9991
9763
9993
9996
9995
9992
9997
10002
9999
10010
10001
10006
10003
9786
10005
10008
10007
10004
10009
10014
10011
10022
10013
10018
10015
9807
10017
10020
10019
10016
10021
10026
10023
10034
10025
10030
10027
9826
10029
10032
10031
10028
10033
10038
10035
10046
10037
10042
10039
9843
10041
10044
10043
10040
10045
10050
10047
10058
10049
10054
10051
9858
10053
10056
10055
10052
10057
10062
10059
10070
10061
10066
10063
9871
10065
10068
10067
10064
10069
10074
10071
10082
10073
10078
10075
9882
10077
10080
10079
10076
10081
10086
10083
10094
10085
10090
10087
9891
10089
10092
10091
10088
10093
10098
10095
10106
10097
10102
10099
9898
10101
10104
10103
10100
10105
10110
10107
10118
10109
10114
10111
9903
10113
10116
10115
10112
10117
10122
10119
10130
10121
10126
10123
9906
10125
10128
10127
10124
10129
10134
10131
10142
10133
10138
10135
9912
10139
10136
10141
10146
10143
10152
10145
10140
10149
10148
10147
10137
10156
10159
10151
10161
10153
10164
10155
10150
10157
10160
10168
10162
10169
10163
10171
10165
10175
10167
10158
10176
10179
10178
10170
10181
9964
10185
9976
10186
9988
10188
10000
10190
10012
10192
10024
10194
10036
10196
10048
10198
10060
10200
10072
10202
10084
10204
10096
10206
10108
10208
10120
10210
10132
10212
10144
10214
10154
10216
10166
10218
10177
10220
10184
10187
10224
10189
10225
10191
10227
10193
10229
10195
10231
10197
10233
10199
10235
10201
10237
10203
10239
10205
10241
10207
10243
10209
10245
10211
10247
10213
10249
10215
10251
10217
10253
10219
10255
10221
10257
10223
10226
10261
10228
10262
10230
10264
10232
10266
10234
10268
10236
10270
10238
10272
10240
10274
10242
10276
10244
10278
10246
10280
10248
10282
10250
10284
10252
10286
10254
10288
10256
10290
10258
10292
10260
10263
10296
10265
10297
10267
10299
10269
10301
10271
10303
10273
10305
10275
10307
10277
10309
10279
10311
10281
10313
10283
10315
10285
10317
10287
10319
10289
10321
10291
10323
10293
10325
10295
10298
10329
10300
10330
10302
10332
10304
10334
10306
10336
10308
10338
10310
10340
10312
10342
10314
10344
10316
10346
10318
10348
10320
10350
10322
10352
10324
10354
10326
10356
10328
10331
10360
10333
10361
10335
10363
10337
10365
10339
10367
10341
10369
10343
10371
10345
10373
10347
10375
10349
10377
10351
10379
10353
10381
10355
10383
10357
10385
10359
10362
10389
10364
10390
10366
10392
10368
10394
10370
10396
10372
10398
10374
10400
10376
10402
10378
10404
10380
10406
10382
10408
10384
10410
10386
10412
10388
10391
10416
10393
10417
10395
10419
10397
10421
10399
10423
10401
10425
10403
10427
10405
10429
10407
10431
10409
10433
10411
10435
10413
10437
10415
10418
10441
10420
10442
10422
10444
10424
10446
10426
10448
10428
10450
10430
10452
10432
10454
10434
10456
10436
10458
10438
10460
10440
10443
10464
10445
10465
10447
10467
10449
10469
10451
10471
10453
10473
10455
10475
10457
10477
10459
10479
10461
10481
10463
10466
10485
10468
10486
10470
10488
10472
10490
10474
10492
10476
10494
10478
10496
10480
10498
10482
10500
10484
10487
10504
10489
10505
10491
10507
10493
10509
10495
10511
10497
10513
10499
10515
10501
10517
10503
10506
10521
10508
10522
10510
10524
10512
10526
10514
10528
10516
10530
10518
10532
10520
10523
10536
10525
10537
10527
10539
10529
10541
10531
10543
10533
10545
10535
10538
10549
10540
10550
10542
10552
10544
10554
10546
10556
10548
10551
10560
10553
10561
10555
10563
10557
10565
10559
10562
10569
10564
10570
10566
10572
10568
10571
10576
10573
10577
10575
10578
10581
10580
10583
10183
10585
10174
10584
10587
10586
10173
10591
10172
10593
10180
10590
10594
10182
10589
10599
10592
10595
10600
10597
10222
10596
10602
10601
10598
10608
10605
10603
10607
10604
10259
10606
10609
10614
10294
10616
10611
10610
10615
10612
10617
10613
10626
10625
10628
10621
10618
10327
10620
10623
10622
10619
10624
10630
10627
10638
10629
10634
10631
10358
10633
10636
10635
10632
10637
10642
10639
10650
10641
10646
10643
10387
10645
10648
10647
10644
10649
10654
10651
10662
10653
10658
10655
10414
10657
10660
10659
10656
10661
10666
10663
10674
10665
10670
10667
10439
10669
10672
10671
10668
10673
10678
10675
10686
10677
10682
10679
10462
10681
10684
10683
10680
10685
10690
10687
10698
10689
10694
10691
10483
10693
10696
10695
10692
10697
10702
10699
10710
10701
10706
10703
10502
10705
10708
10707
10704
10709
10714
10711
10722
10713
10718
10715
10519
10717
10720
10719
10716
10721
10726
10723
10734
10725
10730
10727
10534
10729
10732
10731
10728
10733
10738
10735
10746
10737
10742
10739
10547
10741
10744
10743
10740
10745
10750
10747
10758
10749
10754
10751
10558
10753
10756
10755
10752
10757
10762
10759
10770
10761
10766
10763
10567
10765
10768
10767
10764
10769
10774
10771
10782
10773
10778
10775
10574
10777
10780
10779
10776
10781
10786
10783
10794
10785
10790
10787
10579
10789
10792
10791
10788
10793
10798
10795
10806
10797
10802
10799
10582
10801
10804
10803
10800
10805
10810
10807
10818
10809
10814
10811
10588
10815
10812
10817
10822
10819
10828
10821
10816
10825
10824
10823
10813
10832
10835
10827
10837
10829
10840
10831
10826
10833
10836
10844
10838
10845
10839
10847
10841
10851
10843
10834
10852
10855
10854
10846
10857
10640
10861
10652
10862
10664
10864
10676
10866
10688
10868
10700
10870
10712
10872
10724
10874
10736
10876
10748
10878
10760
10880
10772
10882
10784
10884
10796
10886
10808
10888
10820
10890
10830
10892
10842
10894
10853
10896
10860
10863
10900
10865
10901
10867
10903
10869
10905
10871
10907
10873
10909
10875
10911
10877
10913
10879
10915
10881
10917
10883
10919
10885
10921
10887
10923
10889
10925
10891
10927
10893
10929
10895
10931
10897
10933
10899
10902
10937
10904
10938
10906
10940
10908
10942
10910
10944
10912
10946
10914
10948
10916
10950
10918
10952
10920
10954
10922
10956
10924
10958
10926
10960
10928
10962
10930
10964
10932
10966
10934
10968
10936
10939
10972
10941
10973
10943
10975
10945
10977
10947
10979
10949
10981
10951
10983
10953
10985
10955
10987
10957
10989
10959
10991
10961
10993
10963
10995
10965
10997
10967
10999
10969
11001
10971
10974
11005
10976
11006
10978
11008
10980
11010
10982
11012
10984
11014
10986
11016
10988
11018
10990
11020
10992
11022
10994
11024
10996
11026
10998
11028
11000
11030
11002
11032
11004
11007
11036
11009
11037
11011
11039
11013
11041
11015
11043
11017
11045
11019
11047
11021
11049
11023
11051
11025
11053
11027
11055
11029
11057
11031
11059
11033
11061
11035
11038
11065
11040
11066
11042
11068
11044
11070
11046
11072
11048
11074
11050
11076
11052
11078
11054
11080
11056
11082
11058
11084
11060
11086
11062
11088
11064
11067
11092
11069
11093
11071
11095
11073
11097
11075
11099
11077
11101
11079
11103
11081
11105
11083
11107
11085
11109
11087
11111
11089
11113
11091
11094
11117
11096
11118
11098
11120
11100
11122
11102
11124
11104
11126
11106
11128
11108
11130
11110
11132
11112
11134
11114
11136
11116
11119
11140
11121
11141
11123
11143
11125
11145
11127
11147
11129
11149
11131
11151
11133
11153
11135
11155
11137
11157
11139
11142
11161
11144
11162
11146
11164
11148
11166
11150
11168
11152
11170
11154
11172
11156
11174
11158
11176
11160
11163
11180
11165
11181
11167
11183
11169
11185
11171
11187
11173
11189
11175
11191
11177
11193
11179
11182
11197
11184
11198
11186
11200
11188
11202
11190
11204
11192
11206
11194
11208
11196
11199
11212
11201
11213
11203
11215
11205
11217
11207
11219
11209
11221
11035
