77.131
77.131
77.131
77.131
77.131
77.131
77.131
77.131
77.131
77.131
77.131
77.131
77.131
77.131
77.131
77.131
77.131
77.131
77.131
77.131
77.131
77.131
77.131
77.131
77.131
77.131
77.131
77.131
77.131
77.131
88.131
88.131
88.131
88.131
88.131
88.131
88.131
88.131
88.131
88.131
88.131
88.131
88.131
88.131
88.131
88.131
88.131
88.131
88.131
88.131
88.131
88.131
88.131
88.131
88.131
88.131
88.131
88.131
88.131
88.131
68.787
68.787
68.787
68.787
68.787
68.787
68.787
68.787
68.787
68.787
68.787
68.787
68.787
68.787
68.787
68.787
68.787
68.787
68.787
68.787
68.787
68.787
68.787
68.787
68.787
68.787
68.787
68.787
68.787
68.787
77.131
77.131
77.131
77.131
77.131
77.131
77.131
77.131
77.131
77.131
77.131
77.131
77.131
77.131
77.131
77.131
77.131
77.131
77.131
77.131
77.131
77.131
77.131
77.131
77.131
77.131
77.131
77.131
77.131
77.131
88.131
88.131
88.131
88.131
88.131
88.131
88.131
88.131
88.131
88.131
88.131
88.131
88.131
88.131
88.131
88.131
88.131
88.131
88.131
88.131
88.131
88.131
88.131
88.131
88.131
88.131
88.131
88.131
88.131
88.131
68.787
68.787
68.787
68.787
68.787
68.787
68.787
68.787
68.787
68.787
68.787
68.787
68.787
68.787
68.787
68.787
68.787
68.787
68.787
68.787
68.787
68.787
68.787
68.787
68.787
68.787
68.787
68.787
68.787
68.787
