52
54
46
49
50
10
51
51
46
51
56
10
55
56
258
53
10
53
269
48
266
54
52
258
57
10
57
57
258
260
51
257
55
271
57
257
275
10
291
55
261
284
10
52
53
258
49
272
287
289
48
264
266
52
283
292
54
55
46
48
295
50
306
50
271
56
283
49
280
54
304
267
50
307
281
306
259
281
328
315
261
263
265
267
269
49
271
273
314
276
278
323
281
322
285
326
290
344
293
314
295
263
332
299
301
303
46
288
330
329
309
353
312
355
10
317
46
319
10
321
279
293
326
55
328
338
57
331
260
57
334
356
337
266
268
270
272
274
345
376
282
297
286
362
289
291
276
369
357
260
359
49
302
53
351
306
338
366
292
371
373
368
335
375
347
325
399
327
329
382
297
385
403
388
339
391
343
311
346
280
396
332
398
363
352
311
403
297
406
408
410
365
310
266
415
271
417
295
419
324
378
380
266
425
332
427
335
262
329
390
341
392
367
434
348
397
351
401
354
462
443
300
407
364
338
409
422
413
449
318
451
313
418
322
455
422
379
424
383
333
428
464
340
451
469
432
458
349
261
472
367
442
358
477
445
422
425
412
448
370
485
293
487
453
489
377
491
457
364
460
386
336
497
391
277
376
501
470
437
505
441
475
508
360
481
439
411
308
514
450
517
369
454
521
363
492
381
494
461
387
528
466
532
530
347
436
350
511
473
294
296
538
478
540
305
447
353
545
452
374
520
421
550
523
459
384
526
463
338
465
342
393
293
469
561
504
563
506
537
405
509
361
541
571
414
516
548
574
577
271
551
458
553
582
429
585
467
433
395
503
438
400
593
295
444
566
384
542
597
271
483
515
372
320
576
518
549
605
579
608
496
584
498
612
394
560
615
535
402
335
620
404
479
543
353
569
627
373
602
631
604
423
552
426
609
556
586
468
614
471
592
536
619
596
647
651
512
649
600
628
575
376
603
456
493
659
636
389
638
558
589
642
666
644
668
360
670
446
513
572
601
630
369
656
606
524
581
682
430
557
587
559
435
687
439
564
369
646
297
671
623
626
545
654
698
679
658
525
703
611
685
664
534
688
474
356
476
539
693
673
484
675
719
335
699
634
681
462
610
638
707
639
533
562
710
618
298
669
714
734
298
544
696
677
655
721
607
742
295
440
266
583
640
280
558
369
545
620
626
548
672
546
335
700
554
632
701
704
289
503
651
647
616
527
381
564
500
706
771
516
773
514
775
623
700
678
511
494
611
590
671
582
665
363
767
281
791
531
793
335
772
596
774
520
776
800
760
802
297
804
785
351
807
728
809
429
765
588
813
751
816
360
818
395
623
574
800
446
332
825
754
422
647
780
788
810
832
746
532
573
712
817
797
819
799
523
801
598
844
638
805
827
507
749
271
851
812
347
854
516
565
796
353
798
464
861
822
863
260
845
332
786
763
591
830
424
872
769
587
855
645
857
878
859
329
841
861
843
884
865
826
847
888
788
832
810
853
814
316
795
897
292
879
584
881
720
823
864
391
866
907
723
462
643
789
768
747
565
836
478
838
560
860
900
882
570
923
466
925
439
828
869
811
353
911
792
835
915
837
858
839
880
939
921
883
748
783
624
495
594
889
617
292
950
834
667
752
360
772
955
937
958
778
902
922
904
924
503
780
887
829
967
766
429
746
565
548
874
675
877
292
776
901
900
903
962
590
984
326
787
1004
989
589
473
770
815
953
935
975
435
840
631
842
980
961
780
725
1004
808
870
429
532
852
469
933
1012
302
936
1015
977
295
1018
960
885
702
335
985
947
910
1007
970
736
373
620
548
800
712
514
997
631
780
656
580
1001
906
809
1024
948
968
1045
873
913
652
625
916
266
918
389
579
526
1058
1039
777
295
656
1042
966
1063
988
900
951
971
934
302
779
1075
803
638
1033
648
1078
781
944
870
1062
1044
1085
1046
730
1068
972
1013
898
956
919
424
526
1057
1092
982
846
363
574
1005
729
969
1066
952
994
1070
676
976
338
998
381
1112
1000
1022
926
384
709
987
930
833
1122
1087
1031
756
1108
1127
276
1017
1074
959
941
981
943
1060
1099
986
1083
1138
912
1123
1048
1125
1072
1096
1090
1149
782
1077
1081
909
473
1121
893
1159
1069
954
1144
1034
1128
1147
1111
1165
1076
684
1023
1155
1002
1170
1065
1172
1141
1124
1175
917
899
1178
369
1164
739
1132
905
1116
1154
1043
1187
1102
1140
689
1105
995
1071
1194
1146
1196
1148
1198
1019
1167
1184
1203
949
1188
932
794
1191
1107
1193
1109
1212
978
1180
1215
1038
1200
886
1218
1082
1101
1128
1086
1207
1088
1143
1226
1145
1163
1214
1079
1199
1115
1234
1134
1236
1204
1238
1103
1030
1224
1032
1014
1095
1129
458
1131
1216
1233
260
1168
929
1171
1222
1011
1257
1242
1210
1227
657
1262
369
1182
1249
1266
1235
788
862
1137
1269
1010
914
737
1211
1276
964
764
1114
1152
1201
621
1082
1209
1096
1057
1253
931
993
653
1290
1056
1248
1295
1250
809
326
876
1125
1261
1297
1237
1303
587
849
1312
1223
1160
1192
1274
1244
1315
1113
824
1265
963
787
1221
1287
1106
1089
579
615
1100
473
974
1176
1260
1055
1263
1232
431
1006
1205
1189
766
1339
1173
1335
1273
1126
1177
1228
1036
1246
1097
1294
784
1296
871
663
1206
1104
1241
1094
1054
1213
1230
1247
1264
1280
1331
1062
911
1322
1150
1156
1158
292
1299
1162
1315
1307
491
1330
1267
847
989
547
819
892
747
1369
1053
1016
1372
1130
1181
1362
961
1391
890
1254
420
1394
395
1009
894
1142
626
1371
1229
1402
1231
1381
1217
1251
1169
1220
1349
1270
1288
1323
1225
1325
1357
1096
780
1279
1309
1281
1251
1037
870
1268
1333
1067
1398
1342
1416
1359
1373
1361
1329
1376
1406
1285
1441
1353
1385
1290
1387
1345
1420
1390
1282
929
532
1299
1058
1098
1297
1269
1256
1305
1275
1457
1165
611
1423
1064
1425
1334
1341
1243
1431
700
1474
732
478
574
1388
960
1466
1475
1084
1408
1350
1368
1414
1259
1445
1291
1487
1459
1450
1461
729
532
1468
1380
1354
1370
1400
1417
1277
1419
1166
1460
1422
1462
587
1505
1271
1428
1258
1444
1509
1446
1418
1374
1346
1435
1377
1185
1412
367
631
1119
1407
931
1469
1174
1429
1356
1095
1197
1526
1500
1528
671
1531
971
1049
697
965
746
1479
1073
1447
1328
942
1363
1310
1439
1392
680
790
650
706
1029
1506
1094
1472
1512
1434
1558
1436
1061
1155
810
620
776
1028
1255
1567
1259
1486
1458
1513
391
1332
365
596
820
1337
1364
929
1383
1240
1495
1342
1569
1543
1585
1545
1502
1535
1095
1579
347
810
1478
1596
1480
1343
1401
1511
1599
1571
1405
1602
1452
1477
1442
1609
1430
1611
1510
1292
1448
1557
1616
1515
1120
1453
1190
1520
1355
1386
1179
1525
1626
1151
1572
1529
1219
1476
1492
1426
1208
1161
1456
1636
1613
1638
1059
1364
1352
1643
1318
1454
1125
1497
1499
1652
1559
1082
1050
741
437
426
1302
1139
1493
548
647
1537
1507
1399
1035
1498
1584
1615
1489
1593
1239
1540
1587
1128
1567
1658
1523
1677
1403
1449
1601
847
1516
353
646
1221
1673
1508
1676
1542
1651
1421
1574
1642
1491
1656
1548
1589
1075
503
1553
1540
1497
1438
1600
342
1617
1156
1286
1620
1272
1699
1195
1624
1660
1679
1153
1467
326
718
899
460
1668
1594
1104
1464
938
1637
699
1514
1704
1082
574
1712
1058
1546
1424
1644
1334
1549
1275
1701
1740
1376
1534
486
1278
1734
1682
1698
1647
1471
1649
1625
1727
1653
1155
1301
1748
1707
1595
1722
1496
1688
1753
1308
1640
1451
1719
1631
1772
1633
1723
1358
1689
1570
1404
1779
1186
1770
1669
1645
1443
1610
1714
1360
1556
1639
1628
1742
1490
1157
1760
1686
1324
1713
1775
1797
1000
1779
1077
1317
1792
1608
1773
1522
1700
1809
1375
1692
1801
326
726
1409
1519
1538
1521
1795
1688
1726
1404
1756
1780
957
381
1728
1813
1735
1761
1806
1635
1612
1625
1798
1661
1573
1202
1252
1366
280
545
1607
1067
620
1776
1820
1778
1718
1784
1432
1396
1853
695
1272
1856
1527
1717
1629
1117
1052
1817
1724
764
615
1781
1494
675
1433
473
1455
1763
1843
1845
1703
1848
1802
1720
1657
1841
1648
1843
1660
1885
1729
1019
1838
1804
1826
1674
353
1796
1555
1777
1800
1886
326
775
1759
1580
1899
1881
1244
1701
1766
1662
1833
1284
1834
1749
1721
1783
1774
1835
1650
1465
1728
1917
940
1001
1909
1367
1840
1539
1842
1725
1678
1404
1489
1654
1706
1792
1933
1828
1785
1914
1938
1927
1062
532
1386
1440
1619
1864
1922
1872
1945
1665
1799
1680
422
565
1660
848
1931
1851
1621
1432
1947
714
1067
1162
1866
1868
1822
1630
1425
1673
1935
1524
1925
553
1338
886
587
1299
1754
557
1004
1952
1644
1731
1752
1591
1666
1984
751
1986
1344
1690
1627
786
1990
1536
1506
1972
523
670
1985
1314
1999
1787
1691
1858
1693
1976
1920
1353
1590
1447
1483
567
1944
1540
1918
1926
1592
2016
2004
1899
700
1463
1762
1326
2011
1614
1969
1916
1940
1803
1910
1427
1827
1807
1818
1903
1857
1905
1895
363
1415
1965
1793
516
1058
647
1912
1431
1598
781
1894
1887
1876
1943
1634
1891
1936
2000
1959
1948
1530
1850
2053
1816
1655
2044
1873
1786
2036
2013
2048
1833
1992
1244
590
1964
1791
1839
856
360
1973
1716
1331
326
626
1744
758
2084
1710
1767
1705
2040
1932
2089
1539
1327
1904
1950
819
582
2003
1942
1805
1539
1902
1128
1904
1939
1733
2087
1898
2042
1900
1829
2045
1739
2107
1718
805
1067
1897
376
1794
1622
2115
1650
1884
1741
1906
1961
2121
1919
1047
2043
1860
2059
2137
1501
1869
1025
1953
1708
360
832
1712
1979
2078
1702
2138
2049
499
1103
1838
2113
2023
2156
2091
1915
1847
2160
2142
1814
1921
2144
1923
2077
2167
2037
2169
1833
2131
2103
1911
2033
2058
1764
1831
2080
2118
2101
1888
1632
2174
1956
1245
2046
1867
2081
2039
2191
1782
2043
1578
1937
1062
1568
1764
2061
1667
2120
677
1506
2019
1637
2026
1996
1384
2184
1300
378
1183
2149
1382
2141
2133
1623
764
1678
1927
429
1664
680
1627
2180
1547
2134
1688
1987
2014
1801
429
2225
1946
1062
990
1758
1564
1901
1830
1875
329
2225
2231
2126
2047
1779
2245
335
832
1027
2237
351
1728
1094
2243
2233
397
2241
1142
1283
1566
2258
2235
2076
1785
1080
1282
2268
2074
1554
2214
2178
1743
2271
764
2273
2145
2186
2204
1627
2189
1138
1241
2270
2211
2272
2247
2124
2176
2159
810
2242
1819
960
1917
2284
2171
1304
2193
2298
1957
2196
1544
2239
2139
1117
2306
1813
2308
1541
979
1488
503
2057
1432
526
1133
1975
2316
2295
2285
1791
2319
2324
2177
2188
2070
947
746
1497
1962
1668
2333
2218
2135
1844
2117
2337
2283
2330
2307
1413
2279
2274
2195
2254
2197
2085
2244
500
1321
2296
2075
2333
2175
2136
2347
2100
2112
896
360
1315
2062
2151
2143
2123
2236
1924
2346
2047
2358
1768
698
631
1747
2075
1735
2252
2066
1980
2379
2357
1983
2338
369
2385
1941
2387
1967
2166
2303
605
2300
2244
1278
553
2052
1815
1955
2310
2157
2025
2282
1789
2407
2173
2376
2354
2146
2367
2038
2071
613
1367
1852
1393
2370
1934
2389
2411
2420
2179
2199
2063
1581
2194
1893
638
788
620
1387
1982
2368
2088
1725
2406
1791
2388
1882
2258
1584
2208
2422
2397
2224
2399
2429
2335
2290
2348
2373
1644
2064
626
2167
2393
1082
2108
2449
1293
2080
2396
2102
324
2164
1355
2213
2366
1389
1755
1949
587
738
2470
1662
2181
1493
2463
514
2091
647
2156
2168
2093
2028
2172
1889
478
2006
1447
590
2095
1929
1615
2414
2210
2182
2122
1751
2034
1892
2289
1135
397
443
2489
2221
1311
2495
545
1433
503
2444
690
2428
2469
1291
2147
1988
2222
1813
2520
2099
332
2523
2417
2400
999
2255
2128
1668
2520
2522
2141
2287
2511
2068
962
1779
1577
2541
795
514
2535
2509
2185
2546
2012
2459
2368
2461
2029
2508
1259
2458
2432
1155
2032
2153
1775
1330
2301
2054
2273
1313
1890
2526
2565
1846
1641
2349
560
2342
1854
2344
1830
2512
2548
1718
545
779
2543
1411
2332
1854
2365
2219
1019
1779
1241
1701
1077
2339
2583
2497
2165
2457
2401
2092
1789
2592
347
256
1970
949
426
2611
280
1365
2152
568
1312
631
2532
1473
741
637
1586
2094
1675
332
992
1517
2616
297
746
2619
1207
651
1241
1057
2326
920
2258
799
2438
2629
2248
297
2632
2615
460
2617
1138
2259
1730
875
2104
302
656
1583
1892
2645
2628
482
2630
260
2650
968
2634
2534
469
2637
963
2640
2361
2227
2383
2662
661
1298
2666
1540
1504
2670
260
2636
831
1009
2656
675
2660
2658
2325
2679
2627
466
2439
2682
2668
1351
2652
2635
2672
2688
650
2690
416
2693
2641
2695
1945
2646
2665
2648
2631
520
2684
2702
2671
376
2673
2639
875
2676
1354
1021
2626
2712
2664
2050
2699
2717
2633
2719
2686
2704
891
2706
1961
2725
1577
2642
1562
1785
2590
2713
2731
2715
2667
2733
2651
2513
2720
1606
2705
292
651
2692
2427
302
2727
2744
1096
2746
2730
625
2732
1103
848
2653
2722
1312
2741
1709
2405
2125
2375
1474
2647
996
494
2700
1297
2687
2538
1870
2760
1765
1738
2778
2747
2314
1382
631
1415
2782
2751
2669
2754
2618
989
2774
2153
1091
2378
2765
2697
2262
1296
852
2795
2768
1367
1672
2737
1685
1512
2742
2776
1110
338
2807
1560
439
1728
574
2796
2649
1395
2297
2701
2736
2721
2802
1961
2693
1433
2790
1105
2327
2767
1532
2776
2716
2721
929
2129
2752
1792
911
2803
478
2838
2806
516
2841
1355
1486
2797
2593
968
2809
2216
2832
2850
2426
1599
2819
2644
2855
675
2857
2502
2844
2750
2861
766
2863
1266
2734
2833
2755
900
1165
2869
2470
2821
2791
1347
2714
311
1055
2860
2582
949
2879
747
2815
2834
2884
2788
2710
2870
2888
2840
2517
2842
2892
2875
1713
1170
2897
2718
2882
2801
2901
2524
2659
867
2445
2251
2856
2907
2476
494
574
1908
2896
511
785
2881
2866
2917
1354
2903
2887
2280
2889
2529
1117
2812
2749
2911
2929
2825
2614
2423
2916
2817
2918
1097
2805
2905
2823
963
2874
2870
2845
1606
2209
2862
2930
2947
931
1379
2788
2187
2954
2923
2890
2748
2909
2958
2876
2960
2119
2962
2946
2864
2933
2950
2726
2204
2969
2872
2924
2827
2813
2618
2961
2878
2963
2980
2785
2982
2886
1448
2985
373
2873
2553
2893
2829
2721
2991
1236
2931
2072
2966
2951
2854
2116
522
2922
2986
2971
2908
1785
1058
1671
3006
909
3008
2948
1157
2837
2953
276
761
2906
3017
2858
3003
2959
2990
2977
2992
2979
2880
3009
2867
2726
840
2707
289
2743
2696
1974
3018
1968
3004
2976
384
2912
2993
3040
3025
3010
3043
2786
3046
1843
2955
651
2957
2484
2975
3036
3054
2945
1778
1565
2900
2996
1589
3044
511
3047
2939
3049
3033
2910
3021
3037
3007
2964
2981
1207
1577
3077
363
2624
1624
2857
2988
2943
3084
3070
2978
3072
3041
2934
3090
3061
1625
700
3064
2780
3019
2894
3069
1719
2913
3073
2883
3075
2569
3105
780
3108
2891
3110
3052
3112
779
3055
3039
932
2816
3089
3076
3119
526
3121
2972
3123
3035
1297
3126
3071
1405
3115
2949
3131
2371
2920
2937
3031
2940
3050
2859
3124
3139
579
3127
3101
3058
3042
2440
3147
1105
820
2924
3066
782
3098
1498
3156
3142
3102
3117
1485
3161
776
3135
3151
3034
3068
3154
2738
3100
3170
3158
3103
596
2936
1095
3176
3082
2974
1683
824
3155
3141
2848
3184
3172
2919
3078
2820
3080
2956
3002
3083
520
647
3140
3182
3196
2965
3159
3186
3174
623
3189
3165
879
1995
884
3194
3209
3024
3211
3185
3146
3200
2904
3202
3065
3204
488
956
3219
3168
3195
3223
3088
1736
3213
3227
3148
3216
3231
519
3233
285
3193
3181
3038
3157
3224
3198
2952
3201
3149
3081
3217
1732
3247
844
3221
3250
3183
3252
3145
3173
3241
3188
516
651
611
3258
3246
3180
1563
3222
3087
2995
3266
3199
945
3255
545
3271
1093
3244
2044
3234
3208
3263
3210
3238
2575
3267
3282
3228
1105
3285
529
2942
2124
3289
3262
3086
2994
3130
3239
3226
3296
3242
3270
2220
391
3273
976
3303
3249
3305
3057
3265
3308
3295
3062
3297
3284
3313
466
3096
3302
3260
3220
3318
3023
3278
3307
3294
3281
3324
3311
675
3299
3328
3301
2377
3317
3276
3291
3237
3279
3322
3338
2789
3015
373
3342
1757
645
1923
3346
458
3169
3292
3350
3337
3254
3325
3312
2479
3343
1871
3330
3275
3361
3236
3335
3074
308
3186
1690
2822
3368
550
3286
2843
3232
3316
3331
3235
996
2110
3056
3129
3377
3351
2998
2375
3356
3190
3245
3053
3389
762
927
356
3114
3171
3280
3396
3298
3327
3357
619
514
3207
523
3218
1040
3405
729
3363
3336
2709
755
3189
3329
2865
700
3417
1625
1802
3421
3394
3365
1328
3381
3016
3150
1096
626
3415
329
3429
1320
3420
3237
1518
2951
3435
3229
2622
3371
3427
3416
3259
3430
2847
2653
1504
3212
3309
570
3436
3000
2987
3344
3373
3288
3418
1849
996
3349
3422
2902
3424
3382
2402
3300
3452
3467
3443
3391
750
3471
3376
3116
3408
573
755
3095
3466
3441
338
775
2805
2453
3264
3293
2885
3132
3463
3081
611
3426
3467
3020
2109
403
3457
3485
3144
3395
3449
3410
3369
3412
1355
3492
2134
3495
2101
3292
3059
746
3160
823
3501
963
3503
3491
3248
3493
3455
3444
3483
502
3087
3523
469
3525
598
3527
3398
3504
3518
1713
3520
3470
3536
2980
3447
2935
3475
3437
3081
3544
3531
3519
2910
3431
3472
3433
3423
3526
3450
1961
3530
3261
3442
3507
3191
3560
3510
3026
3474
3564
3256
963
3556
3568
3532
395
3547
3572
3306
3562
3575
3541
3565
2941
3479
3545
3494
3559
3509
3585
3486
2935
1506
3513
3543
3567
3332
3581
560
3583
3595
3320
3498
2788
3488
3576
2758
1017
3384
2799
3603
3558
3571
3607
747
2440
2306
3513
1607
3451
2030
3615
3453
3569
3582
3594
3445
3573
3434
755
3625
3566
1506
3272
3414
3557
3546
3632
3535
3497
2257
3448
3636
1026
3626
2122
3640
2849
3428
3570
3067
3548
3646
3473
2951
2723
2691
3489
745
3602
2157
3429
3584
3608
3059
620
2758
3109
1942
2623
2054
2663
2697
3642
2854
3138
3669
3393
3597
3365
3673
3576
3653
2973
2122
3545
3506
2846
3268
832
3292
3503
3660
1354
3613
3599
755
3440
3680
3111
1236
1075
473
3432
1825
3661
1348
2077
3611
3588
962
3704
3580
3403
3179
909
3708
1901
3561
3685
2693
3701
1899
3513
3689
3629
722
3721
3174
3709
3349
3727
3664
1586
2703
3433
3676
3663
3122
1498
3706
3722
2246
3484
3596
3511
565
3728
2079
3048
3517
1484
302
2590
1958
1683
3735
3724
3741
873
1823
2932
3671
3186
3743
416
3030
3163
3314
2989
3707
3749
3549
3608
853
2277
3225
1485
3771
451
3773
716
2516
924
3747
3763
3750
2915
2898
2267
2934
3687
3716
626
2440
3785
1291
804
3791
3695
3736
3573
1672
3738
3638
1512
779
3788
2447
2970
943
3805
3310
1156
3522
3765
2474
2788
3754
2060
2728
3517
2278
3464
3790
3153
3748
2362
3779
3795
2800
3574
3712
3811
2122
740
2763
3731
3166
3206
3792
3835
2914
2935
3003
3756
3364
2395
3045
3826
599
3720
3762
3806
3764
3550
3758
3051
3852
3699
3662
3772
3014
694
2781
3832
3847
961
2056
3770
3255
1824
3752
3854
422
3715
633
2680
2828
3682
3873
3821
2022
3864
3321
3753
3855
3842
3756
3885
3734
3860
3793
3836
3794
3801
3380
683
1586
3042
3867
3883
3870
3858
1671
3887
3446
297
2955
2095
3699
3672
3651
3856
658
3733
3859
3819
3696
3913
3837
3769
733
3869
762
3909
2764
2724
3515
3845
3694
3924
3807
3862
3927
3460
2621
3840
1105
3894
3931
3904
466
3896
3923
3339
3820
3926
285
3906
3919
2520
3814
3025
3540
3908
3948
1381
3593
928
3633
3940
2686
3599
3307
3918
3944
3774
3949
2553
3787
3153
3534
1137
3888
3969
739
3802
3350
3972
578
3843
3628
1651
3965
3419
3645
3981
1138
3825
1712
3647
3552
3930
1541
865
3706
3979
3953
3537
3822
1157
655
3810
3092
3934
3987
3921
3963
2925
3978
3482
3980
3954
3609
3839
3590
1899
3974
3151
3977
3138
4004
3925
4006
3941
329
3996
2552
1997
3240
4013
3947
1001
4003
4018
4005
3968
3238
4034
2872
3827
3844
565
1845
548
2997
3683
3849
3853
1041
3957
4012
3962
4001
3775
1695
3132
4028
3723
3277
3234
3878
3838
3578
3984
3977
3895
514
3104
4065
3508
3967
3670
2635
655
3866
3893
4073
4015
3950
4052
2775
3966
3993
4020
911
1929
3998
3907
3746
3884
3776
4053
3620
3849
3551
3986
3516
3882
4097
4074
3097
3656
3658
2381
3780
3917
596
4046
3868
4038
4061
3817
3153
1415
4066
3348
3808
3042
2021
595
3929
4023
3841
4085
4016
4077
3834
3319
3684
3879
3824
4058
3744
4118
4025
3936
3401
4122
4078
4091
3537
3956
2740
4000
4127
1792
3902
4024
3959
3910
4110
910
3406
2386
4010
271
3760
329
2899
420
2503
3678
3050
3693
3605
3778
4136
3459
3783
510
4011
4047
3630
3401
990
4169
4098
2943
1879
3375
3751
3395
4096
3946
3192
437
989
3851
4086
2682
4187
4067
4080
4032
3253
4116
3786
4000
4143
1699
3404
3113
3392
4055
4114
4129
4105
4059
4107
4197
1817
4209
4160
4211
2932
4056
4022
4215
4141
4060
4143
4052
4198
4042
4030
4044
3637
4130
3945
4132
602
2306
1855
3989
1465
4232
3939
4201
3955
4033
4140
4117
4228
4170
4144
324
4240
1658
4244
3861
4246
4070
4104
3933
4227
4217
3717
3776
2339
4257
3899
1684
1785
1094
4069
3686
4084
4206
4252
4243
4147
4019
2514
2534
631
2783
4224
3700
4275
4142
4252
3950
4029
4245
1467
429
4261
2096
4263
3844
4284
2306
3813
2232
3469
4054
3768
3942
4178
3516
3730
4242
3706
1552
2856
1360
4221
3128
2491
2798
3891
4163
4262
4250
4264
3844
4278
4090
4280
3234
810
4284
2678
1624
3524
4115
4287
3462
4218
3871
4220
3362
2466
4069
3928
3943
4236
4106
4301
4108
4338
3179
4199
4124
4068
3143
4286
4152
2438
3042
4296
4322
776
4087
4159
4340
4281
3617
4137
4260
4334
3944
4106
4207
3776
4351
4136
4167
1966
3554
2898
4306
4071
2625
2763
4362
3631
4135
3334
4044
4095
1907
3206
4294
3876
4024
2451
4048
4310
3022
4161
2865
4285
4295
3802
1893
3827
4384
2895
292
2779
4222
3407
963
1963
3006
3434
3802
4347
4015
2698
4109
727
3388
4285
4404
4181
1493
832
4402
2212
4252
4419
4349
3874
2835
1742
3998
4428
4394
2711
4265
4420
1367
4315
1640
851
946
2369
4225
4321
4205
4288
4185
4432
2783
4443
3874
4007
4343
4307
4449
2391
4060
4324
3706
1027
3709
623
4387
4422
3307
852
4320
4359
3952
4192
4143
4431
4158
2162
2466
3350
4471
4139
4370
2054
4395
2680
4477
4253
747
1578
4480
4470
711
4483
4345
4485
4382
4014
962
4488
4172
4426
2466
2655
3268
1845
4342
4380
4473
4323
2792
2065
4421
2784
4493
4036
4214
4460
4424
4499
4409
3136
4489
1027
4492
2877
4190
3919
4520
4039
909
494
4176
3527
4298
819
4526
3597
4482
4448
4510
4530
4119
2824
4171
4464
1319
4538
435
4494
4541
4403
2984
4418
3674
4502
4379
2378
3994
4481
4551
4355
4496
1878
4486
4521
4512
4406
708
4031
3794
2673
4274
4484
4565
4498
4039
4522
4546
3978
4020
2603
4517
4344
4226
373
4543
4476
4556
3747
831
4092
2756
3408
3825
2762
4567
2766
4513
420
469
4371
2442
4328
4195
3479
4299
4527
4574
4179
4322
1482
4512
3012
3858
4112
4008
3639
523
4536
1255
1008
4584
4459
1963
1000
4491
3796
480
4223
4623
2620
4459
4542
3079
4544
2681
4441
490
3128
4583
2217
2090
684
1067
3152
3682
4629
266
4096
4588
4467
4556
4582
4255
2371
2035
4637
4557
2772
3881
4216
700
4501
4655
4609
4472
4553
4439
4501
4591
3105
1167
4631
3394
4540
4563
4164
4313
4487
1000
2483
4461
1095
1415
4666
3726
4495
4586
3952
4417
4500
4590
3978
564
4399
4515
4676
4562
4261
3093
1599
4613
4599
4569
3890
3497
4376
2654
4700
4369
4564
4587
4636
4579
4133
3179
3513
4560
4516
4633
4381
4438
3094
4568
4266
755
4720
4699
4624
4412
4232
2926
4072
4276
4452
2134
4687
3511
4677
4437
2122
4543
4671
3978
4277
4739
1382
4320
4626
1561
3714
4680
4598
3975
4639
4708
4007
4741
4712
4691
2007
3713
2745
4216
4372
4757
4729
4407
4595
4529
4636
4532
3832
3829
4450
4336
4440
3899
4212
4730
4722
4596
4566
4578
4614
3706
1745
3737
1551
4721
3378
4518
4635
4577
4637
4774
3138
4686
4571
1104
4239
4782
4793
4585
4519
4785
4797
4694
2735
3900
4021
4723
3148
611
2928
4643
478
4702
3920
3263
4290
4748
4760
4794
2207
4512
2572
4576
2012
3932
4557
4769
4740
4711
4826
2212
4808
4589
3745
4833
4341
4646
1533
3674
4803
3597
4295
3739
4120
3085
4597
2375
4834
4710
4731
4204
4684
4692
4716
4706
4855
4573
4668
4279
4717
1540
4820
4475
4747
4801
4235
629
677
4632
3408
4795
3812
4396
4705
4198
4593
1425
4825
4806
4878
4703
3827
4745
3138
4674
2849
4561
4857
4772
4796
776
4890
3179
2955
3710
4550
751
3825
4899
4193
4247
412
596
4869
4132
4892
3616
3238
4885
2659
4735
4451
3756
4906
992
3174
3725
4903
971
4510
4906
4270
3999
4919
4015
4922
3695
4824
4836
3784
3702
4736
4920
4846
4391
4302
4732
1278
4748
4864
2902
4918
4251
4681
4841
4464
4923
4801
4894
4722
4510
4870
4951
4523
4557
806
4945
4955
4792
3512
4949
4511
4881
4757
4963
2258
4946
4594
4967
4938
4931
4693
4952
4017
3880
3128
3849
4916
4821
4638
1610
3364
4403
4277
635
4057
4410
4914
4947
3648
4000
4488
4847
324
4990
2680
4325
295
671
3237
2555
4698
4539
4562
4958
4912
4726
4186
526
5006
4965
4667
4948
4977
4778
4861
1259
810
4301
4209
5017
4044
3622
4804
1104
5012
4939
4555
4980
3138
4972
1874
4801
620
2955
4956
1207
1918
4692
4921
2717
4954
3550
4358
3802
4706
4709
4427
4037
4950
4940
3268
5028
3608
3916
5031
4050
4968
5046
4682
3206
3863
804
5016
4697
4093
4607
576
2306
3958
4166
1000
2086
4818
3352
4704
943
5071
4994
2397
4331
3148
5053
4759
1340
4663
4620
4568
4089
5005
5072
5051
4429
3857
782
5054
1880
5056
3803
4512
3991
4412
4974
3318
3365
4603
4960
4580
4282
1843
5108
5060
4812
5043
4976
3729
5013
4599
4557
4146
4993
4983
4675
3711
3577
850
4975
4155
4888
4383
3776
5038
4758
4202
1207
804
5104
4657
5021
4264
5047
4385
5097
5086
5009
4138
5089
1053
5144
4937
5123
4356
5125
4953
4934
4872
4392
3118
4348
3858
4642
5044
5065
4763
422
5118
5072
3863
3152
5166
782
5121
1673
4192
788
5173
3392
848
4991
4125
5111
2709
5170
5078
3745
4933
3924
5110
3347
5122
4131
5034
4979
960
5193
3952
4800
3234
4436
4910
516
4798
3179
4534
3374
3690
4859
4880
4756
4780
1235
3672
4354
4996
4460
4959
5058
4961
4003
1837
4446
5219
4411
4677
5033
4978
5023
4971
5049
4422
3727
5220
4975
5232
5057
5035
5225
3153
5139
590
5206
973
3677
5191
4236
4153
5246
3446
2230
2830
4408
523
2095
1000
5248
5157
4743
4653
1251
5139
4913
1941
4817
2938
2858
5261
4656
5263
3162
4430
3161
692
5151
4329
5257
5271
5260
1019
5262
4917
5100
5224
1848
5254
4149
4425
1156
1715
3950
5286
4707
5253
3855
4029
5255
5293
832
5295
2682
1962
840
3539
4393
3652
4828
2810
2533
3670
5256
4527
5305
2943
4333
5145
778
4512
1673
4898
5313
4964
5050
5303
473
5318
4432
5297
4542
5277
422
1081
2521
5292
3604
4925
5271
656
5296
5274
5287
4156
5114
4812
1466
849
5316
4770
2527
4810
3794
4415
4866
4651
4430
888
3522
5352
5341
5354
5036
5356
5189
3639
5312
2485
623
1002
5016
1517
5363
5294
2321
5115
5367
2788
4716
5279
4713
4778
5338
5328
5340
3402
781
5344
2350
646
1235
4858
4143
5373
2395
5375
5329
353
5331
5167
5345
2494
4435
5002
3756
4525
4649
1625
5270
4986
3950
4709
4610
4690
4809
5336
4548
908
5376
3290
5390
2682
5415
4865
3627
4599
5409
4220
4467
5422
3304
5343
5425
4007
5416
4519
5335
363
5430
4303
610
3454
4609
5355
4447
1354
2955
5383
3516
4898
3767
4258
4856
3390
4796
4208
3901
5207
1878
4467
2685
1104
4784
1196
4512
5211
2944
311
3030
5296
5427
3992
662
4914
5247
4602
4497
3297
1474
4434
4060
5412
3950
1577
2653
3892
4575
4714
3255
4716
4102
5444
5400
5471
5366
5448
4261
4840
5441
2932
2085
4606
4724
2390
5412
5435
5319
4750
623
4984
5488
4669
5322
4599
4573
5472
3359
4128
2853
2326
4645
2849
5478
3586
5150
5384
1095
5182
5282
5413
2682
5135
3162
5523
431
5503
2771
4150
4978
5531
5446
5498
5442
4814
1105
4709
5221
2997
5223
5243
3050
3668
2635
5398
5455
5121
4742
5536
4897
5440
5554
3455
5513
4457
5240
5474
5561
4879
3988
4062
1610
5209
4367
1962
1584
2770
5410
5055
4837
2030
5215
4545
4600
1034
4044
5526
4688
4552
5146
5543
5353
4853
4637
3950
5566
5141
3850
1506
5593
5364
5489
3819
5552
4779
3858
5598
4572
5568
4689
4460
5083
4474
3636
4941
3274
5609
4915
4936
4634
5515
5136
4755
5585
5459
3621
753
4811
5179
4982
5417
4652
5348
5627
4984
4562
4858
4860
638
775
5540
1588
2804
1165
4906
5619
5631
5612
4887
4986
5501
5564
5618
5239
4248
5490
4778
3718
2753
3099
3408
4543
4716
4962
706
5407
2865
5589
4835
4895
4506
3030
5234
4453
4318
2580
5670
5456
4877
5623
5652
5563
4867
2783
5103
5672
4611
5615
5199
5675
4478
641
5410
574
4342
5464
5550
4761
4807
5562
5635
5138
1067
3825
3624
5464
5559
5461
5491
4725
4970
5676
2769
5708
4876
5197
5570
2390
4928
3650
4151
3716
4816
5677
5579
5599
4985
5395
4839
5265
5244
4891
5524
5477
5643
5196
5357
5583
5572
2808
5498
5202
4684
5687
2757
5420
4194
4177
5547
4911
5691
5014
5714
2814
5716
5527
5600
5506
5683
5251
5379
5470
4650
3411
5349
5737
5681
4838
5646
5447
5412
3271
5584
5767
5567
5188
5650
5682
5640
5713
5693
4640
5476
5669
5768
4749
5779
5770
5571
5289
5685
1290
5648
4966
5438
5651
5606
5692
4524
5539
5777
4203
4249
5690
5233
5754
5783
1156
4781
5131
5560
5752
5542
4390
4514
2673
4463
5018
5812
5710
5806
4060
4468
5680
5547
4767
5755
4503
5556
5128
5633
5578
5803
5212
4805
1336
5741
5626
5704
5558
5717
5797
4658
5325
5749
3527
4192
5800
5666
751
5727
5610
3318
5813
5480
5624
4786
5782
5801
4063
5645
965
5679
5221
4858
5799
5808
5861
3899
5604
5452
3028
5152
5826
5041
5093
5703
4971
5748
5854
5738
5569
5814
5242
5200
3964
5068
358
514
558
1533
5757
5010
5688
4679
4830
5858
5418
5733
5210
5881
5448
4596
5732
1886
5134
5822
5214
4737
5870
5786
5835
5788
5591
5760
5868
5860
5851
5736
5914
5729
4896
2921
5792
4557
4106
626
2568
4806
5846
5661
5620
751
5798
5674
5869
5920
5913
5847
5836
4528
5658
5147
5617
4601
5149
2060
4002
3863
5619
5073
1899
5602
1792
4677
5139
5918
5216
3858
3875
5249
3341
5903
4989
3255
5955
5957
3161
5849
4397
3234
5877
5964
5842
5031
5466
5481
5938
4311
4796
5795
5758
5500
4773
1593
4968
5828
5809
5811
5153
4678
1291
5968
983
564
5682
4309
5573
5608
5802
5728
5621
5751
5857
5761
5792
4706
5983
5895
4783
5805
5910
5625
4987
5990
6002
5882
5942
5844
5790
5899
5653
5793
4875
5715
4811
5699
5582
2677
5791
5859
5742
5901
4868
875
1682
5853
5826
5872
5701
6032
5900
5763
4088
2153
5787
3696
2451
5370
3982
5528
5633
5372
494
5229
5258
5101
3167
5865
5611
1079
4658
5999
6034
1381
4096
6057
5283
5024
5894
5671
971
5730
5492
4787
2635
2094
4115
587
700
1094
6039
5649
6053
6042
3755
5553
782
6069
1291
6083
6072
5915
5827
5578
4776
6044
6090
6080
5401
5259
6071
5630
5796
5632
6087
3409
5665
6056
6101
1610
6082
3641
6003
4904
6013
2968
6089
1746
5903
1855
6103
1342
5549
6062
6005
5898
6109
6077
2980
2501
596
6114
6125
6094
5866
6118
4554
5887
782
5930
5838
3932
6060
6048
6004
6075
4831
6120
4533
6081
6124
1610
5991
6040
5884
6006
5959
5585
2215
405
1259
6010
6073
4771
5944
5634
6008
5841
5921
6116
6012
6168
5731
5879
5829
5776
6173
6167
5529
6169
6089
6009
6018
5934
6174
5529
6065
5840
5015
5117
5048
5419
5525
6147
4731
5936
5753
5919
4547
2739
1742
6061
5778
3448
5998
5124
6066
6025
1367
3230
6196
5922
6004
6199
5807
5160
5245
6186
6085
5993
6217
5886
5850
6202
6172
6019
6095
5856
6129
6160
6016
5912
1316
6197
6188
5833
5702
6170
5880
6214
5941
6230
5700
6224
4969
6210
4706
2535
6084
4966
6231
5711
6023
5684
6185
6243
5662
6108
3513
5000
4368
4518
5614
6234
6121
6259
5956
2689
4662
6129
5453
1019
4458
2597
4118
4621
5756
6105
4527
6149
4815
5980
4775
5750
4192
6165
6157
5789
5917
6209
6191
6178
6289
6138
6175
6240
6184
4099
6112
5940
3794
5923
6298
6043
6274
5201
4942
5177
6289
6305
4236
6119
1663
6310
2778
5094
6000
6142
6221
5843
6158
4263
6308
2150
1637
6266
6258
6228
6187
6181
6239
6150
6267
3706
6266
5064
6022
6179
6229
5581
4886
5937
6201
4746
2934
4820
2031
6322
5031
5560
6190
6336
6286
2982
5595
6312
5156
5622
5146
6024
6250
1278
5374
4893
3971
5700
4346
3989
5642
4414
2186
5906
6321
2849
4261
5066
5172
4537
6215
5935
6208
3935
5597
2932
5774
2763
5825
6222
5535
5885
5607
6235
5932
961
6391
6246
6384
6278
6285
3682
5505
5198
3799
5891
5130
5603
4750
4715
6131
4350
2522
3703
6407
4411
6021
5740
5926
3747
5464
6049
3903
6341
6332
5943
5529
6266
5148
4173
1041
6351
6011
6333
6261
6293
6355
5037
6433
6409
6291
4743
5874
6226
6356
3029
4000
6156
6313
6054
6177
5809
5504
2312
1291
6296
5908
6030
5276
6452
4489
5577
5982
5965
6253
6399
4619
5839
6438
3721
5831
6031
1614
2250
5196
6392
5878
6241
6155
6408
5465
3214
4943
6454
6476
5310
4237
3935
4999
5726
5437
6107
5595
1578
6152
6269
6398
6459
6393
5781
6249
5520
6425
6498
4806
6500
5775
4488
4647
6471
6281
6434
6427
3516
6501
6161
6496
674
6255
5424
6136
6512
6166
5032
4184
6479
6001
5862
6506
6006
3655
3394
6359
5896
6436
6200
6502
4757
2722
6440
6514
6536
6218
6538
6295
6481
6029
4886
4968
4906
5397
5925
4932
6491
6180
6542
6247
6551
503
6516
4907
6264
6530
5462
5348
4454
2653
2811
6365
5458
5425
5164
2853
4252
5686
6094
5969
6306
5899
6551
5463
1768
6323
5612
6500
5950
6439
5455
5953
2390
2828
338
5962
4819
5208
5454
5871
6106
5832
2694
6043
5819
4648
460
6375
5546
6505
6361
6292
5159
5960
4489
5185
5762
4490
6237
6435
6247
6329
3776
6614
6593
2897
6608
6128
6520
5971
6320
5939
1316
4871
6556
6418
6443
4796
6430
4426
4466
6615
6252
5984
6467
6610
6401
6629
6227
4531
1235
6205
5883
6442
5719
4986
6603
5902
2648
6623
1251
6650
6020
6324
6627
6345
6612
6630
3696
6375
6660
5718
4346
6319
6665
494
5451
5411
5677
5304
6587
3388
6669
6634
6014
6648
6380
2132
4035
5747
5976
6513
3635
6611
1381
6675
5651
6326
5586
6616
6382
4957
5766
2055
1296
5651
6379
4523
6576
6523
6290
5916
6473
6007
6151
3153
1712
6607
5404
6494
5684
4660
5580
6271
6189
3674
6716
376
2997
6024
6720
6244
6578
6723
4000
5929
4354
6343
2761
6444
6412
6562
6485
2638
6013
4192
6734
6689
6524
6682
6183
6141
6729
260
6715
6541
6548
6609
6635
6307
5684
2783
5414
6137
6127
6254
5823
6248
6294
6017
6497
6599
6710
6653
6233
5647
2482
5889
5933
6625
4651
6176
6527
6376
5213
6146
6699
6618
6400
6225
6402
3608
6263
4985
6619
5775
6386
6269
4873
6316
6026
5353
6682
6507
6469
6774
6796
5376
6457
6206
6223
6787
6766
6470
2683
6186
6755
6096
6299
6141
6250
5479
5975
6331
6778
6139
6817
6445
6588
6331
6815
6283
6712
6394
4557
2636
6597
6303
6245
6499
6159
4850
6045
5075
3394
4664
2897
6423
5516
6612
3849
6353
4132
5575
1671
3042
573
686
3006
5978
6088
2548
4305
5750
6844
5743
6842
347
1852
6422
6722
5873
1473
5735
5087
5381
4889
5772
520
6855
6027
5933
2673
5560
6749
6826
4718
3970
6879
1020
6360
6816
6758
6461
4660
6854
6037
6887
6741
6837
5275
6883
6789
2683
3893
6038
5698
6763
6643
6711
5606
6637
1792
3064
6814
6906
6459
6749
4557
5800
4312
6821
6836
6881
6487
6749
6910
6041
611
6878
6280
5933
6736
6890
6256
6892
4672
2982
6928
1493
4929
6731
6515
6794
4373
2323
5096
781
788
6937
4812
6829
5924
2390
5989
4489
5247
1989
2140
6686
6920
5102
6905
6808
6882
6780
6300
1597
6820
3355
1319
6055
4365
4433
6962
6907
6683
6818
1582
6967
5785
4264
6093
6028
6914
6549
6570
3812
6739
6948
5494
6973
6915
4808
4862
6560
5323
6978
1095
5952
6983
6756
6975
6884
6036
6565
2017
6331
6450
6601
2390
7002
6263
4829
4360
2839
6707
6880
6999
6932
5949
6346
3837
5077
4630
5525
6889
3825
6620
1444
6475
1207
4751
960
6919
4587
5512
5667
6193
3005
6982
6990
5931
6050
7020
3794
7022
4650
1319
5997
1843
3844
6039
6276
5958
6956
6309
6799
4377
7034
4033
5503
7048
6602
6901
6897
5438
4615
2024
6996
5637
3385
5899
7002
7064
6410
1410
5947
6866
5250
7023
996
7061
4703
5972
6680
7029
6542
5595
5955
7033
4778
841
5869
651
5546
6815
6315
6751
6911
4754
2729
6848
7054
6979
6897
4985
6802
3922
3167
2339
5512
3919
5493
6754
4380
7106
735
6954
6639
2299
5538
6529
4625
5578
6876
7038
6777
3699
4165
4499
4427
6416
6822
4213
6984
6644
4462
6739
1162
4233
4908
6435
5595
7010
6555
5356
5988
5372
1170
6961
480
5300
4808
7002
4069
6792
4196
3643
6847
5763
6807
5804
5944
5181
5816
5594
5372
6560
5171
5502
6367
6642
6838
6232
5766
4862
7118
7046
6769
7171
7134
6757
7082
7043
5764
4264
7160
6786
6340
6628
6545
6453
7176
6504
7133
7000
7115
6976
4768
7192
7186
6557
6810
6429
7124
7165
7059
7178
5590
6809
7188
6664
6767
7117
6657
7177
7132
7179
7195
6839
6692
6812
5412
776
7200
6801
7219
6544
7212
4833
7148
7039
7161
6182
6140
6910
7154
5330
6672
4444
6098
6315
6330
4400
6584
6771
7203
3392
2154
7226
5022
7083
6813
7170
7208
5560
6863
7169
7216
6690
6662
6765
6561
6910
6641
6513
6477
7173
3688
6901
4330
6600
6350
7207
6747
7260
6975
6363
6621
6577
7025
7151
6424
7242
4070
1315
5382
7279
7121
6626
6765
4361
6171
6873
7009
5468
7113
7040
7218
7267
7227
7221
6776
6095
7053
3576
7283
6669
7266
3000
7238
2467
7296
6651
6771
7196
7277
6242
7258
7274
6652
6900
7183
548
6867
3085
6041
3513
6795
6598
3394
7308
4762
6566
7302
6681
5368
5760
7262
7204
6638
6203
4777
7193
5063
7275
6718
6934
3153
1080
7312
6661
5020
2450
4439
7143
531
4335
7343
7259
7320
4636
7316
6178
4106
7200
7007
6793
6803
7339
7358
7319
7314
7249
6811
7235
7350
6898
7000
7346
6781
5927
4216
1672
4845
3745
6725
7359
4448
7315
5186
6604
5380
6063
6985
7294
4599
4454
7280
6272
7013
424
7085
7328
7243
5019
6771
5664
4614
7085
7045
6211
3112
5168
5718
7142
7295
2332
7357
7291
7028
426
6674
5091
6198
1764
788
532
5359
2680
5108
5509
2075
1002
7422
7325
7336
2390
4069
6779
6076
7396
6317
6521
3899
6702
7435
7352
7437
4354
7439
5979
7441
677
3674
851
983
7434
6260
3365
7272
3025
6830
6354
5955
1576
1053
7456
5820
5364
6764
7276
6257
1496
7085
5307
7468
6709
7209
7135
7374
5946
4570
6605
6971
3825
4508
7297
6488
5724
5869
6372
4209
5026
3388
5560
7486
7313
6772
6437
6490
4514
7445
7140
1736
6164
6735
7398
7233
6825
7408
7421
6971
5025
5641
6865
3823
7372
6129
7256
1137
6607
6415
2943
4929
5985
5467
391
6567
7423
4926
5190
4499
4928
5914
5438
6349
7310
5955
5546
6569
6335
6761
1662
3698
7344
7447
6653
7519
7252
5871
7522
4432
6126
7487
6830
7246
363
7528
2534
7551
5961
6785
6482
6579
5106
7452
4442
6944
3461
4685
5436
6244
7555
7537
7164
5830
3837
6792
7560
6960
5027
6465
7545
7517
4612
6508
7481
7580
2686
4658
6532
7567
7562
7535
4766
7472
5319
6770
7478
7181
5945
6685
6929
6397
7174
2682
7365
6148
6824
6891
6781
5555
6708
6922
4518
7389
6461
7270
7393
3571
6458
6564
6663
6537
5654
7603
5679
6339
4326
5178
7598
4701
7373
7338
7602
6938
5708
3466
6162
6426
7594
7299
6788
7566
7636
5116
3358
2943
7607
6535
7616
7611
1550
3657
6931
7349
7273
4070
5267
6875
5192
7653
3577
7502
6888
6198
7102
7549
3321
7573
6469
5486
5105
5469
6696
5080
6742
7564
7027
1795
6568
6518
5837
3409
850
6762
6808
7670
5177
3429
6143
6946
5695
4416
7660
4641
7244
4944
7158
6697
6268
5081
7692
7231
7351
7619
7600
7634
4523
3781
7635
7588
6397
7631
6974
7651
6965
6480
7523
7149
7705
7599
7547
7586
7385
4354
4051
7334
7085
7366
6064
7499
7587
4069
5077
5588
6617
7201
6340
7708
7625
5784
6782
6836
6823
7564
7362
1622
4959
7736
7593
6107
7367
6015
7500
2612
4064
4259
7104
7081
7471
6461
5297
4096
7690
7376
6931
7462
7732
7661
2350
7701
7744
7714
7172
7623
7300
7755
5587
7758
7737
7225
7642
7480
7770
3387
7370
5876
7715
7633
7574
7785
7516
1604
7682
6236
4007
7331
7001
7490
7442
6940
7794
6971
6123
7206
7329
5131
7768
6489
7369
2673
6396
990
3030
7094
7017
7555
7800
1275
7639
5320
3323
5349
5638
7609
1036
7819
3597
7493
1260
5309
5863
1599
6998
7687
6013
7355
347
4692
5679
5974
7776
3050
6989
7497
7026
7791
7055
1244
7386
280
7842
6765
6939
7825
3944
7556
6841
1471
7832
7622
6765
7835
2176
7848
7859
6800
3877
7376
7470
7407
7322
5532
7475
7079
7773
7330
7789
4297
7269
7874
7394
7185
7582
4848
6369
4663
7881
7125
6095
2661
6553
5875
7632
7518
7310
7558
7503
5231
6526
4822
7278
3837
7895
6520
7858
6698
6244
7628
6859
4290
7507
4874
4182
469
7907
7816
2934
6247
7419
4432
910
5951
3030
7898
4813
6619
7063
7147
6377
5700
7907
7926
4285
7920
4157
782
7923
5599
7905
7342
7907
7403
6397
5088
3353
5388
7939
5460
6265
7866
1355
7918
2982
7936
4943
5773
6481
6850
2015
2322
5695
7739
6942
1444
2273
5426
6652
2238
1236
4604
7503
7536
5137
7966
2831
7796
5599
7782
7843
7565
7190
7938
623
7958
6746
7738
7337
7952
7542
7503
6262
5532
7851
7988
7707
7990
7571
7992
755
7986
7807
5992
7871
6411
6646
6971
3624
7575
5810
7885
8004
7879
7906
7724
6035
1672
8010
2259
5656
2982
7688
6033
7228
7457
961
3961
7184
7224
7345
6964
7197
6178
7949
6972
4909
7775
7261
4405
7606
7726
7526
6210
5412
7264
7793
8005
6817
6804
2075
5725
6282
7376
7980
7942
7695
5763
6846
7827
7527
7302
7052
6743
7579
7772
7713
5948
7933
5532
4929
5706
1810
8012
3395
7974
7754
7587
8020
2849
1576
6974
6909
5067
4514
4869
7697
3844
5469
7470
8083
1019
6784
7577
4562
1021
3989
7954
7683
5867
6851
8084
7915
7405
3106
8097
6913
5644
7180
7498
5199
6852
7515
6095
7050
7720
5993
7716
6235
7413
7910
6394
7685
7704
2674
7790
2763
6630
8120
7436
8122
6649
1711
7595
7957
5677
7745
6314
8006
6612
8123
5933
6393
6495
6220
4411
7255
5434
8043
3050
5825
7012
3952
7223
6481
7730
4796
3804
3872
4841
7409
6006
8144
4388
7697
7960
6645
466
4230
4188
6752
8162
6970
8164
7583
7722
7189
7914
7852
3414
2897
7871
8173
4259
6222
7872
6612
3911
6195
7318
7477
8048
7062
3831
7483
6145
3846
6659
7781
8031
7509
8194
6656
1384
8180
8189
7877
7387
7722
7128
8024
6954
1584
3440
6835
7978
6342
7608
7162
6437
4833
526
8214
8206
8067
8208
7798
7321
8168
7302
6213
7552
8215
8046
8191
5105
6561
5744
5651
5414
8233
7751
7546
8228
5888
4514
6068
8205
4435
7774
8109
8244
7411
7908
8171
675
1802
8052
7626
5787
8055
7761
4832
6674
1235
6222
7956
6311
6122
7932
7168
8245
8103
7868
3983
7440
6848
5903
8081
7615
8126
6658
7849
7645
6930
8218
5605
7605
6417
7694
6389
8102
5364
8096
7120
8190
8063
3944
7327
6621
3030
2520
3709
7042
705
7657
8297
6314
7937
7381
8256
3773
4696
3935
7200
5535
780
5473
3297
7538
3855
4664
7686
5738
7731
6385
7131
5663
6668
5161
5689
5994
6721
367
5766
7995
5739
6711
6696
6009
8321
523
8030
8243
6140
7838
5364
4096
8322
7613
4509
8325
7489
7873
2162
6869
2840
2007
6094
8337
4684
7747
6235
4661
8331
8349
7126
5392
6487
7463
5447
7674
8303
7075
769
8341
4166
6472
6277
7250
6320
7995
7614
5522
4866
4962
8376
7876
8027
6923
8345
6901
7553
7497
5744
8210
8254
6270
7424
7883
8009
6864
7890
6797
8396
725
8074
7155
8400
6840
7301
8403
5722
8365
8342
2009
5321
2868
7466
8242
8338
6759
8230
5300
803
8415
1901
6889
1918
8141
8225
5992
7450
6952
4289
7292
8216
7640
8130
6315
5800
8395
7099
5102
6573
5346
6908
7667
7015
8431
7303
8387
8211
5296
7384
1603
7802
6393
8449
7841
6134
7965
4432
7649
6238
6543
7643
7983
6630
6370
5517
8323
7721
6963
4439
7283
647
8470
6210
6669
7767
6951
7570
4757
1051
6432
1954
5585
8234
8383
7378
8391
8007
4891
861
5557
4914
2542
7562
7255
7828
1431
3681
2686
3030
3753
6387
8321
4242
7737
8316
6375
602
8409
4736
7750
6556
8182
7617
576
8514
4451
8516
7899
7913
5439
8519
7056
1104
5634
3889
5639
6872
8437
5121
8339
1496
2587
565
7460
8207
6524
8518
7652
7771
6176
8523
3238
6882
8512
7882
7479
7679
5961
8215
8231
8541
7788
8417
6460
3756
8513
7353
6891
8547
5709
8038
6099
1568
8521
4950
1662
6263
7864
3019
8492
6673
4414
2693
8396
2294
3766
7711
7455
8578
8344
8049
8371
2932
3425
469
7491
8524
7288
7892
6933
8282
7159
4223
5369
3032
7011
4294
8327
8437
8408
8552
8016
1381
3350
5139
8459
5996
8399
5158
7777
5447
8480
8525
7031
8272
8284
6525
6468
6015
3440
8445
5745
8010
6534
6074
7837
8462
5961
8627
2002
7711
8630
5169
7210
7624
4867
5008
8618
7341
6975
5575
4055
7946
7410
3844
5008
8382
4975
7809
4118
7533
2534
8276
1640
3985
7887
7783
7548
6630
7676
8623
7451
8277
7987
8490
8125
8663
7310
7097
8121
8536
7288
6388
5388
8464
8639
7479
8362
7664
5679
7655
7202
8608
8253
5469
6041
8638
8075
7373
8684
6674
8413
6941
5293
7853
7787
5221
8595
6831
8346
2956
1589
8199
8275
7893
8706
3849
8433
1097
8709
6207
7354
7889
7603
8714
4507
7766
8286
6334
8596
7717
2377
5177
8066
8489
7817
7826
4986
7538
4354
7941
7947
7116
7051
6127
5045
6739
7591
435
5874
8681
7996
7488
3477
8468
8425
5293
5746
5765
3973
8746
8278
7114
7888
7183
8744
5956
6366
6828
8732
8219
7268
8761
5445
5821
4794
8410
8730
7287
5213
8580
7587
4445
8496
8557
8100
8641
7263
7017
984
6541
8261
6233
5053
4975
4004
8747
8261
8252
7375
8306
4380
8655
4778
6910
5304
7310
8343
7584
8039
7368
8402
5353
715
4801
6133
5963
7981
8362
8602
6808
2441
8811
2653
8701
8370
7792
7477
6858
4097
6827
8557
6950
7399
8056
8807
7709
4658
8701
8441
7144
8450
6297
8138
6817
2055
8627
7778
7787
7802
7753
8211
8842
6615
5508
1165
7995
8227
5874
7991
3528
8803
8723
6535
8847
8568
8436
8731
7554
8733
6773
7369
8793
8200
7610
8727
8363
8472
7377
7018
8867
8808
7057
7103
8716
7722
8795
7811
3914
3270
8074
8829
8840
8871
8033
5809
8477
8886
8670
8766
7508
8890
8706
2008
8797
7487
8861
8696
5245
8215
8644
8465
8903
7596
6178
8900
8003
8875
5395
8435
6539
5580
4808
7426
7060
8614
8434
5003
7972
4045
7281
1512
8844
7069
4722
7410
4823
5914
8825
8177
6798
7626
6216
5682
7921
4616
5787
3798
7136
7644
6949
5541
6870
7629
8686
6889
6671
7671
8436
565
8864
6486
8567
8883
8878
8702
8896
8949
8923
8597
4489
8478
7844
5705
5278
8874
8687
5146
7740
8253
8692
8859
7702
8909
7347
7391
7563
8331
8653
5855
8390
8201
8751
8145
8296
8963
8466
7784
6035
8612
7534
8640
8616
8961
8481
8298
7049
8533
8957
4854
7234
7369
9001
4236
4273
8157
7137
7728
8333
7702
6830
8941
1104
6266
6156
8671
8799
5530
9008
2522
9003
6219
8565
6466
8959
6140
8569
8615
8945
8479
7795
9005
1156
8474
3297
9033
6405
9035
5585
8747
9040
5154
8917
5630
2693
7112
5230
8356
8980
8263
8990
8828
8635
8866
7769
8995
8551
5005
7870
5909
8252
7175
6117
3944
8581
8179
7977
8740
8865
7564
8877
8283
6563
3759
7373
8735
7657
4505
5252
8633
7743
8534
8250
7298
7981
8975
8476
8627
8294
9036
6971
8951
9069
6732
4978
6083
831
3547
8693
8788
9061
7741
2654
3547
7763
8424
8527
8259
6373
4796
8137
5897
6520
8904
8827
8534
1929
8540
5875
8307
8725
8705
8501
7665
8463
8978
7187
8607
8832
7867
8622
8907
9133
8726
8891
8967
6006
8869
6652
8953
8077
9000
8764
6921
8798
9060
8783
8292
8398
8204
9073
7963
7546
8822
9078
9098
2757
8927
6591
8604
9074
7497
8854
8988
6517
7348
2360
7725
6805
8817
7531
8848
4311
7861
7122
4866
5660
8397
9117
8993
9092
7903
8203
3835
8566
8109
8118
6918
3559
8972
8525
5241
8994
8969
751
8503
6562
4106
6390
9030
8109
6561
6745
5457
3386
7793
8685
7737
5113
8966
8147
5911
1027
526
8562
3657
7324
8367
7265
8082
9107
2476
9220
8136
9195
8350
8986
8567
9077
9200
971
780
7612
9224
8542
8014
8831
9147
4961
9229
2041
7938
7737
8782
8353
7983
6849
8461
5293
6463
3191
4096
8430
9138
5759
6284
6320
6288
2130
9246
7786
9260
8543
8872
8648
8563
6933
8982
9268
9242
9199
7953
9265
2547
8592
8672
373
4488
8393
5942
5535
6233
7618
3353
4811
1852
7454
8420
8176
6437
4454
3547
1466
9183
6625
9055
6089
4454
8925
8556
5120
9089
9186
8689
3443
8613
5213
9209
7404
7254
8662
9091
9310
3533
9312
1785
9021
9151
8830
8262
9303
520
7944
9084
3516
8093
6229
5112
8281
8211
6551
7760
8996
7979
4320
9193
6901
4465
8594
3614
8202
6740
8260
6107
8118
4488
7995
4985
9067
9188
3995
6013
8920
8901
9168
9276
8960
9062
6896
8881
9302
9141
5126
5700
9144
8805
9326
9368
6647
9088
8175
8192
9140
8712
9132
8748
9342
8354
9114
6633
8870
9379
8719
9137
8881
9378
9128
9384
9390
9294
9392
9235
8690
8887
7621
9090
8806
9244
9136
2784
8780
8838
9401
7289
7799
7183
3809
3297
9339
8217
8860
5780
7998
5319
8001
8837
9260
8794
8032
8706
1790
9163
9325
8317
9166
8997
9159
9227
4842
9015
8755
8331
8786
7253
8047
8369
9227
8476
9196
9417
8998
8467
8025
9057
9376
8226
9362
9425
9389
9307
9377
9453
9170
8411
5694
4189
9334
7518
6679
9348
9436
5547
8091
7709
8579
6006
9444
9232
5196
8072
9153
2836
6585
9472
8863
7593
9123
7952
7433
7806
7293
9261
7547
7251
8234
9330
6831
9082
4914
4401
8987
6986
8493
8285
8645
8396
6696
6046
6574
8819
9294
9023
8362
8762
8666
8121
7970
8066
7307
9317
8153
6375
2464
8770
5603
8073
9360
9139
6653
9509
9520
2794
2547
8804
8117
6531
5869
4692
5508
1929
9530
8737
7066
7002
8762
7540
3691
6724
8054
7074
6335
8158
3719
7668
9125
8741
5780
5938
7568
6344
5199
8665
9294
6704
7063
9555
4634
4238
9422
9391
9458
9498
8577
9549
9503
9565
9559
9553
9028
5521
9563
5199
6981
7016
5111
8940
7795
9111
5723
9448
6234
6060
2273
7335
9145
9335
8862
7317
9058
9075
8897
8965
8872
6833
8265
1682
9427
6435
6393
8112
3742
8718
6629
5227
8374
9456
9316
8559
9146
9336
8617
4292
7525
9211
9612
6747
9177
9593
5332
4320
8449
5179
8688
9135
4867
5247
9407
9285
9039
9497
9388
9394
9282
8660
3563
960
9323
3318
8023
9624
4738
8378
6449
8428
9483
9630
8626
5657
9438
3547
9281
8506
9440
8558
9192
9592
9120
6413
8378
8406
9053
8678
9152
5815
8961
6084
698
5717
8935
9443
8863
8627
9223
7945
739
9173
1117
5766
8796
7432
9650
7964
6389
5708
9641
8750
9405
7496
5942
9645
7675
9690
7647
6688
3197
9286
9567
9637
9096
9274
9026
8486
9495
9206
8491
9459
8801
9707
2122
9694
9635
6991
9712
8884
9050
1899
7236
9345
8570
7601
9364
3401
9632
5954
8698
6860
9523
9717
9661
8673
9652
4266
9407
6667
9097
9349
9591
9736
9404
6697
9344
7702
9095
8621
9451
8432
8064
8111
9544
7024
7288
9749
9408
3797
9753
9670
9727
4254
6282
5970
7733
8107
3253
4510
8975
1058
7089
4684
4272
9768
8473
6974
9771
8026
9538
6140
8985
7497
7285
9455
9371
8209
9662
8910
5809
7431
7215
9595
9361
9031
9608
9705
9189
9751
9079
7723
8291
8823
9492
8742
9347
9787
8701
7379
7902
1342
9476
3383
9347
6135
9700
9794
9777
9796
9547
9013
7890
8129
6335
7926
8279
9735
8015
8981
6052
6997
6541
9009
5417
8936
8790
1447
8430
7875
9793
9759
8958
9828
9403
9599
9375
9038
8156
9134
9745
9473
9240
8235
9820
9704
9449
9121
9848
8724
9309
9737
9594
9551
9233
9844
9393
7983
9657
7883
8774
8517
9276
9398
1370
9714
9290
8184
4966
9675
9477
9763
9680
2951
6948
8802
5101
5648
9387
7019
9798
2354
1269
9886
3932
9888
9743
9091
9822
1244
9893
9054
5065
5869
9413
3011
7361
9375
9485
6593
1697
7638
8356
7196
6110
3832
8378
6091
7104
5308
759
3591
8585
7388
9592
9915
9121
9909
2454
7890
7007
9914
9455
5696
5399
7129
9321
7712
9584
9655
9012
5860
4683
7674
7166
7924
9585
9938
7697
8076
8872
9943
8758
4383
5629
7458
9350
9925
9899
9764
2612
3287
7674
7467
6593
9923
9531
7896
5348
9716
1918
6993
7511
8037
478
9905
8749
7982
7212
9716
9805
5845
5226
9973
2865
5139
9783
9702
9614
8134
8729
5981
1624
8430
6590
8738
9184
5717
8821
8288
6178
6926
8271
4293
1676
4143
9353
8952
7373
6364
7271
10003
9995
10006
9833
10008
7783
10010
6086
7548
9995
3600
10015
7288
6349
7251
9221
8857
6640
6404
8110
7257
8557
6931
6953
6833
6107
10020
7240
8304
6979
9491
9687
9041
9738
10011
10029
6455
9649
10024
7078
4337
9791
1843
6390
2384
8241
9872
8813
7290
8916
8034
9876
7548
7485
6547
9409
8143
10061
6453
9876
2372
1823
10057
9416
7702
10068
5911
9435
8658
6600
10072
9429
9782
10066
9865
1089
10026
6381
10080
6086
10082
10032
7894
9066
8213
6621
6127
9771
2826
2384
7959
10095
6871
9499
8036
7721
8818
8966
5744
6156
9809
10040
6954
7729
5011
6374
6615
5929
10074
4154
10103
9568
9750
7759
9099
8699
7532
9755
9709
9457
10059
9373
9426
10100
9633
6492
3610
6531
8689
9972
6730
9902
1165
3365
9871
9853
8364
9127
9874
1582
2837
9037
9482
9447
9277
9875
1364
6894
4297
8426
8190
9834
7008
9646
6462
8974
10161
9150
10086
7018
9663
7067
2769
6127
9615
9466
7904
6974
9539
6901
4050
7815
9381
9392
10172
9415
8451
8767
9251
9171
3138
8661
7833
6092
9431
6708
9849
7600
9160
9405
5025
861
9682
6067
9776
8875
8267
9951
520
8366
9842
9988
7862
9996
6655
9550
9512
3030
9359
8991
10170
8721
8410
6925
7946
9124
9859
7650
9789
9830
2024
10101
9083
10143
9850
9616
9671
4509
589
9149
8437
6815
9198
9187
5235
8224
10228
8908
9623
10186
4110
9808
9703
9867
9750
9284
8775
9524
9383
8229
10174
10118
4198
6575
9572
9386
9897
9845
6812
10253
6459
10150
4757
4869
9346
8305
10221
9795
10214
6315
6910
821
10136
9474
9819
10280
9007
8961
6338
10233
10278
10286
4459
10077
9216
2682
6266
10187
9185
9198
8677
7922
9266
280
6329
6487
9105
9957
7783
10302
5809
6429
9409
6510
6504
10309
8814
9518
6977
376
10313
9486
8605
9860
10295
9811
3025
10315
2253
4418
1026
6186
9931
8695
10319
7597
9921
9620
10322
1836
9966
9781
6424
9352
6481
10329
10210
7537
4592
9966
10281
10129
2865
9538
9179
10338
5720
744
3740
4811
10334
7783
9685
1536
10117
4920
10350
7446
6086
1660
9314
10094
9989
7004
3291
6337
2007
10359
3679
10361
10325
10009
8604
4183
5967
9154
10202
4487
6868
10126
6653
8929
8736
9442
3576
8849
2905
9666
10162
10043
8421
8850
7442
6041
10176
10216
9747
2375
4709
8316
9907
10263
7420
7909
7752
6701
9583
5717
9672
10268
9373
8784
2680
10049
6519
5585
9869
7360
6817
5414
10379
8880
4081
9611
9634
10362
9318
9803
6035
10399
1622
10248
10259
10230
10296
2943
10441
1713
9249
9669
8800
5447
9976
7805
5408
8074
9508
7937
3167
6815
7907
1058
8932
7505
9733
8846
8352
5824
1000
4241
529
3699
10244
8040
7648
10333
8619
5537
8044
10266
9333
7752
10250
10336
7922
6889
9758
9826
8992
10474
10439
10201
4759
10479
10433
10267
6771
9469
10493
332
10025
3905
10323
10042
9446
10236
10165
9558
10285
8914
10451
10156
9481
10510
10198
10031
9586
10364
9800
8888
10149
9676
9863
10443
9382
10445
6713
4799
10196
10147
6127
9023
9779
4121
1125
10271
9866
9363
9693
9381
7641
9829
9745
4683
9792
9087
9167
10293
9639
3106
10140
4266
1029
9536
10085
10279
10294
10139
10231
9657
7901
6425
10521
9802
10128
8961
10385
10123
8962
9596
9127
6705
9405
7970
5619
10437
7332
10446
9701
8379
4659
9847
10390
8465
7087
3674
5966
9034
10582
9450
10548
10511
3268
7548
5391
4168
6362
10265
9365
9467
7065
4042
10596
5001
10167
6469
10299
9308
10533
10552
10524
9445
9016
10512
10245
10001
9739
10115
7288
10257
3837
7326
9629
6015
10509
10531
9644
3919
7163
10567
9471
6273
4252
8747
9880
8999
9882
9463
6968
8895
10628
8756
6424
8899
9917
5909
10227
429
1283
6493
8139
8660
9180
5222
8065
6421
3085
5469
2758
7883
6429
10258
9488
9215
10327
3345
5315
9654
451
7946
7415
6320
10505
10076
9990
3263
7765
7417
6957
5131
8704
8553
10324
10050
6325
8550
5655
2087
8149
9800
10163
9367
8844
9772
10651
9027
10277
9818
9734
8446
9977
10311
3468
5904
3161
10448
10592
8973
10589
10573
7700
2926
10483
9725
8088
10184
10647
8057
10704
8121
10326
6394
10608
6352
8270
6615
10695
8710
10199
6437
9775
10466
8525
5575
7970
10724
9452
9855
9726
5763
6797
8704
8936
10737
6441
9884
10051
6812
10588
10730
8641
10187
7007
4906
10743
5766
10745
9854
10214
4692
8240
3392
9628
9688
10625
10583
10090
6223
7667
5204
6304
7035
8080
10490
10624
9846
10591
10613
10444
9744
10777
4028
10773
10292
10593
9597
10255
9460
9395
10497
9788
10781
10508
9908
6568
7856
10787
10273
8911
5410
6091
7413
4191
10224
8778
8116
8360
7346
6132
9566
10374
7585
9862
10800
2485
10241
10525
9424
9719
8961
8098
10700
5547
10595
6115
7392
10517
10590
4028
7760
10345
9733
10602
9459
8310
9283
5240
1764
10372
8234
10542
10060
5348
6833
7598
2412
5101
10626
8389
8280
9968
5792
9980
9860
9367
9926
6511
5933
10372
9423
9889
10799
8892
9506
10791
9397
10523
6546
6269
10516
10260
10191
4718
3971
10530
10212
10786
10522
9881
10574
3255
10758
9022
10615
9419
9131
10833
5569
10539
9631
5092
1289
2162
6582
10627
10557
9410
8186
9857
10858
10877
10871
6478
10237
9882
9219
868
3395
8154
10641
9475
10885
10560
7302
5297
8777
8224
10125
9428
8889
6859
10216
10883
9409
9250
9044
10789
8529
8757
9659
9827
10701
6744
7473
9966
8714
6728
2926
10554
5646
8116
10577
10513
7977
9202
9281
713
10791
9770
10611
9817
7698
2079
10192
3307
6912
10870
10855
10468
10740
8976
3336
4416
9004
10584
7141
8032
6925
10940
5428
10698
10684
10585
10968
7811
10368
9831
5334
6461
9643
9843
9181
8564
9799
6039
10903
10793
10251
8528
8584
7646
8060
10480
6887
9185
8118
8933
10992
962
9627
10609
9164
9493
8617
10071
1929
9494
9315
9241
10851
10543
8453
8041
10911
7677
4236
8401
6706
7334
10016
11012
4040
7637
5358
10556
10549
10223
8641
7283
9496
9234
8101
8823
10986
8373
7699
9772
10970
5475
10563
8992
10406
7251
7066
9952
10733
10229
10793
7072
7985
5532
9287
5519
9157
10510
10405
9532
9575
1095
6853
10222
8482
10227
8359
8974
7929
5496
9322
9545
9479
11049
11067
5388
4573
10117
9029
8368
11011
7261
6285
8680
10541
7275
8936
6551
5874
10924
10571
9861
7380
553
11051
4622
4527
8028
8115
8124
10623
10765
6684
9078
10981
11027
10913
9851
4882
10778
10515
10959
10155
10616
6768
10785
10987
10438
8625
8300
10247
10779
8694
10793
4272
4529
6719
10153
10866
10254
10863
10114
10865
10075
10780
11116
10905
10540
10234
10391
6704
10951
8892
8627
7656
11114
11110
10507
10989
9385
11132
10526
10988
9790
6235
4153
10861
7546
9351
8868
10120
11155
9372
10890
9852
10902
11145
10751
10637
11136
11144
10506
8447
7220
9606
7077
10375
2476
10619
7530
9870
8422
10995
10654
10804
6733
11107
10791
9017
10069
8873
3889
10630
4316
10532
6118
7390
9878
6726
6945
11191
9108
6897
10425
11133
10269
11147
7482
8593
10426
9621
8748
11162
9356
11160
10792
10813
11106
9863
9439
11169
10249
11111
10719
4706
1894
9971
10876
6625
9950
6099
10079
2169
6279
8622
9301
10776
9024
6275
8874
11099
9821
8946
10408
5449
10559
9056
4811
1081
11234
10606
11216
7718
9210
3657
10986
10634
8021
11104
9076
10219
9025
7534
10562
10393
9756
8465
11228
9548
7780
9396
11128
10868
11113
9190
7194
11090
11135
4867
8666
651
7934
10473
11235
10703
8666
6378
9465
11088
10897
10610
10814
9791
11281
5146
10576
8619
11180
6431
3657
9816
9841
11213
8090
10805
8583
5361
8752
9895
9935
11203
7684
8132
7529
4015
10946
10348
9887
11083
10421
10200
9877
1540
11299
8845
11165
10702
5684
8779
3191
10330
9278
8334
8198
11312
11210
5432
3354
9692
3777
11328
11315
11307
10931
10775
10598
7401
888
10857
11321
6154
9841
9038
9106
8768
8479
11036
3657
11329
9653
7232
9118
7342
9105
9982
10844
10377
11316
10888
11071
7400
8324
10661
9959
10195
6417
9691
9832
10958
8645
9560
11059
11357
10384
10654
656
10708
10797
9127
10938
3153
11322
5546
10948
11149
11239
11166
8380
9891
11381
10945
8510
9636
6130
9347
7108
10317
10469
9174
2075
9332
10823
8440
6739
4389
5944
11390
1319
3583
11120
10721
10904
11236
11019
10321
1093
5700
7821
10956
8443
10832
5477
10116
6424
9504
6737
10690
8810
3234
11213
9198
11263
6058
4499
9619
10993
10205
10833
9623
4501
6004
10180
8061
7356
10680
9072
10887
8765
1676
10176
1802
10834
8668
8178
10270
10206
10491
11288
6483
8561
8113
8050
10169
7955
10250
10478
8659
10173
9461
7992
11447
8588
11264
10967
11475
6791
7474
8649
11420
7944
11284
11425
6738
8946
2339
4883
9784
10484
10413
10001
11182
10706
745
10284
9580
10982
10898
9454
9638
1735
11385
11170
10828
11112
6462
5843
11159
11485
10421
9810
9374
9172
5544
10093
10592
10819
8711
9933
1029
11515
10646
10739
10534
8517
1259
8396
10537
9711
11240
11397
9328
8604
8835
4889
11418
10714
9272
9890
10900
9550
10818
10862
11271
10704
8511
10504
11543
6600
9932
9638
5535
9787
11028
11167
8253
10436
11324
11557
10994
7592
8195
7116
10146
11164
11510
10872
10928
11535
11505
10820
10906
11317
11161
11506
11538
6726
11226
11002
10189
11337
11230
10551
10492
11330
11219
11309
11211
9049
10827
4849
4000
10489
9581
6340
10172
590
8762
11103
10878
10828
3165
11388
4811
9510
11333
11524
10922
7092
11308
10547
10925
11311
10622
11486
11151
11364
4121
10876
11301
11270
10880
4489
10771
5826
3398
6156
8360
11157
9000
5330
10965
11056
11550
9754
11637
6383
10715
9465
8315
9516
10961
1370
8095
10495
10547
8874
11302
11642
11422
11148
8438
11517
11582
11547
11287
11257
9940
8898
11372
3579
11393
11084
7211
9746
5903
7066
8647
10346
7946
10934
10414
11207
8099
11003
11610
8504
11407
11009
8824
8733
8237
10089
9576
7971
7476
10148
11275
6832
9983
10768
3104
8966
11560
11105
11276
4706
6091
11549
11660
11578
11168
10699
8606
11395
10944
6155
9522
11593
11150
11134
10794
11108
10896
5769
11146
11296
8347
11480
11716
11614
10788
10519
11509
11265
10527
11519
10955
10357
11041
11089
10856
10181
8591
6677
9937
11561
10927
5575
9634
10808
10459
6877
8443
8574
10823
10636
11396
10574
2306
10220
9006
10054
11555
10498
11303
11579
9175
11504
11754
9277
4436
3776
8302
4731
4543
7200
5905
10914
6958
1633
11064
11109
11138
10960
11205
8357
10323
6222
11767
8815
9014
3889
10463
11751
7036
8928
11620
11669
5612
11450
9569
4900
8443
7814
7961
10041
10942
11324
11798
9405
10176
9011
7629
11731
11681
10643
11461
8253
6948
10182
6448
9953
11766
8482
11783
8893
2691
3623
11671
11752
9981
11179
11497
5809
1241
11701
11814
9856
10928
11833
11580
8876
11551
10836
2202
1584
11834
9085
11290
9142
1272
7438
2773
11184
11765
10107
11363
6420
6714
1142
9987
10188
10921
11004
9671
8885
4378
10802
11527
3745
11812
8983
8964
9277
11842
2935
3699
11773
10477
11378
5668
11734
3179
5030
420
11795
11687
11835
5994
11726
4854
10599
7756
691
9294
2187
11246
7111
10886
11300
11093
11174
1633
11564
11644
11545
7749
3608
5350
11152
7323
2269
10601
10960
10064
8074
6041
10035
4788
11858
11839
11767
11512
11791
10893
11891
9975
9115
7629
11859
11915
11661
11816
11910
7325
10276
9045
9400
9760
10083
10430
6301
539
10023
8631
11886
11129
6893
11336
1354
10420
10091
11782
10485
1622
10854
8487
9978
6100
8559
4004
10732
10580
8457
11420
8163
7084
5069
8533
10458
11831
7712
11627
2090
7897
11742
9507
11702
11023
8982
11699
10666
9997
8175
11289
5792
6594
2761
8309
10767
11721
11860
10879
11562
11433
4867
11576
11983
11703
10514
11989
11115
11204
11152
10849
7627
10889
11930
9837
5196
9292
11119
10197
11806
11930
10423
3542
11942
9524
11595
8911
6098
10308
11368
12001
10078
6935
1785
11758
10520
8992
11518
8706
11439
11761
11214
12023
11091
9450
11995
11976
11783
12038
11258
11629
11163
11971
10538
12013
8868
11839
10867
12043
11998
11572
11220
11723
11776
9728
10811
12046
11708
11672
7719
11780
11943
10798
11551
6760
7757
12028
7836
12042
11562
7283
2997
7943
11626
12058
9402
3409
6917
11897
10570
10897
10208
4524
8906
5488
11671
9994
11343
5760
9018
11589
9020
11026
11607
12084
9713
3642
10707
11269
10739
11018
9405
10034
10652
11653
11640
10081
7146
11969
11329
11663
12096
6810
10172
9530
8825
7840
4003
11021
7942
9904
5410
11775
10109
11974
8094
4731
11566
8598
11047
12054
11712
11921
11697
7458
11951
10727
11988
4813
8737
10683
5247
11262
8010
11902
11732
4180
8729
9104
11793
3652
10003
9183
12045
9577
10190
9550
9202
10841
7275
8069
5063
8065
12151
7657
11394
5132
12146
10314
4132
5127
3657
5892
9922
11127
11079
11729
8629
11673
9110
3666
12156
10550
9398
9297
2910
11668
12053
3487
11963
11724
4490
9104
11528
12177
12059
11666
9638
11606
11962
11623
12036
4028
9562
1096
12201
11431
12091
11125
4581
9946
9683
11852
10952
11327
11040
10674
11309
8789
4373
10930
11727
11670
4998
7369
12100
12063
11594
12047
11863
1662
1118
9154
11859
7105
11733
11097
2169
12234
8092
12127
11796
10747
12203
10052
747
4905
10387
12033
10112
9459
10119
7857
10003
11571
12184
10722
11232
12248
11896
12139
9741
12101
6595
10310
11188
11061
7150
9070
11715
10033
6004
11574
10157
12233
8455
11445
10130
10738
12266
11718
6953
11409
11829
10710
9343
11256
10909
10412
7948
9742
11581
12253
12052
4455
10315
11824
12283
12268
12243
11659
4448
1283
7590
11973
10600
10142
10685
7058
11245
10827
8944
1743
1764
10187
8671
8650
7251
11413
8287
11803
5613
7310
11960
11710
10855
5616
1896
1112
4283
10481
12141
5909
11945
2446
10920
3952
12113
12000
12179
5498
5386
7145
2435
11251
2865
10564
10890
11589
8610
3919
12155
10892
11022
11683
3700
4646
12146
6094
8532
5919
11355
4264
1058
10802
5646
8603
6522
9853
12286
7997
9630
12366
6302
6946
3042
10841
11879
8836
9765
10594
3761
12367
8928
10649
10663
5639
11140
7157
3657
10802
4764
1104
12219
6108
11512
5744
8066
8028
3059
5415
10366
11313
11743
11003
10225
3587
10041
10039
10690
9259
10796
11878
1843
9093
8108
3352
997
10908
6552
11444
9155
9437
5417
10711
12007
4877
10120
6695
8925
10803
11033
4523
6276
10736
12333
11139
4943
12433
3576
9284
11142
8335
1971
11690
12424
10164
12427
7999
10550
10932
11546
10217
9673
11736
9213
6857
11003
12450
10689
12409
11000
12333
9018
12441
11861
7830
8691
10632
4612
5107
11020
7070
9996
9329
12293
9967
11215
9327
4479
12265
10701
12130
6613
2810
11952
12082
11664
11991
10518
12048
12132
11722
12134
12390
8386
12010
11999
11565
12192
12056
8745
11502
12190
11717
12035
10782
9664
11190
1764
12208
10391
12259
9786
12049
11628
12072
9677
12418
8560
12509
10177
6304
11386
10581
1701
12041
8331
12336
7348
4658
11845
11360
12342
9882
10411
12421
7474
12434
9108
9723
12133
9489
9347
851
12488
10758
12341
10899
8444
11591
12549
12501
10160
12024
888
11606
11419
12556
11468
7501
11474
8319
10453
11805
9501
9592
11440
2562
9488
5396
494
2083
3112
10919
11016
10269
11429
931
11553
3756
11922
1470
11658
10300
11912
12497
10657
12500
11510
12018
9841
7735
5933
12513
12544
11574
12098
8174
12281
12078
12593
11189
12591
8931
12238
9343
3919
11409
11227
10335
11969
7427
12262
12583
12590
12506
10639
12508
9141
12615
3973
12618
12184
9696
12488
8066
12437
9930
12077
11577
5712
9891
558
7579
7926
7659
8924
9916
12197
12484
10676
6234
3398
12257
12632
10693
9767
5455
12646
12618
11248
12055
10579
11350
12251
12518
12492
10821
12196
12244
12572
12231
9882
9679
9162
12425
2355
12247
8730
8759
12267
10403
12382
6204
8260
12588
8954
9863
12620
1082
7383
2910
12236
10382
12246
9141
11001
10725
12102
11841
12136
5465
12289
12550
12665
10256
5464
5062
8208
7847
6469
12003
12206
9605
7454
8654
12180
12167
8130
12599
10453
9731
12021
8717
12655
12523
9535
9941
10972
11351
9341
8172
11969
6833
11235
12228
12606
7141
12628
10795
11864
7309
11847
8675
11586
11861
11143
931
7248
12561
8211
11409
10742
8834
5425
2852
408
6153
2763
12611
9879
10615
9490
12749
4490
8313
4978
12753
6533
11688
12756
9478
3011
12759
11337
10840
8874
12627
8135
11078
9975
5394
7925
12302
10764
8683
11188
10728
2951
1802
12125
6528
10785
12485
6083
12757
12372
8361
12780
11126
11989
1673
7548
11993
12784
12489
1156
12787
10045
12782
10073
12624
11554
12229
11511
12081
10036
2967
12414
8776
12608
10105
8449
9126
3658
5176
7116
11859
11183
8167
12699
11698
6945
9205
4609
8290
11117
10476
10774
5750
7304
2518
7557
12777
9674
9761
9586
9579
9801
4029
12793
8450
9542
12808
9113
8013
4518
11964
12448
8861
5800
11752
7065
8183
12159
12478
12538
8193
7983
11278
9112
7107
12438
9308
11739
12200
11063
11639
12730
6542
10176
10703
12705
12483
12633
11836
11730
12658
12692
12051
6539
10649
12662
10207
12306
12640
11735
8582
12530
7579
9271
11040
11426
12691
12198
11836
12326
9406
11545
9657
9710
9410
12531
8565
4866
9191
12603
12006
12296
9876
8620
11513
12897
12078
9208
12076
10601
11641
11562
10845
11584
11055
11503
12230
8587
12242
8528
6678
8381
12517
12882
12519
10612
12807
11728
12906
10985
12567
12598
12814
8989
12890
7576
11680
12507
10133
9455
4709
11928
12921
11755
6812
8666
11605
10206
12697
12060
6819
12631
8499
12659
11649
8955
10690
1960
12836
9823
12867
11282
11987
3087
11224
11039
11421
11462
7855
12129
9592
7944
12975
1275
11173
3112
10243
11235
10372
11154
9876
12050
3716
10519
5121
10662
11895
12071
11406
10093
6625
11916
12212
12277
7883
12147
12191
12743
12977
9399
5401
2159
603
8165
10122
9140
11163
7513
5125
10135
2921
12642
10828
11788
11181
11452
12468
3761
8372
12980
10686
12848
9800
12118
13028
11617
12237
13031
8544
12057
11613
11544
12496
8127
9847
8627
5850
4843
2072
12959
12199
12944
10901
11201
7506
11573
12502
12204
13053
7729
10241
12587
11221
12736
12625
4924
12114
10715
12589
12641
12926
3298
12696
8939
13068
13064
13070
2048
3284
13073
13056
12688
10645
11246
13080
12942
13082
12950
5464
11954
12338
10164
10499
12486
9721
12245
3830
8669
7080
8645
11674
11884
11031
5275
11043
12815
5726
10175
11244
11276
12458
10178
10272
12650
9686
2018
12291
10528
11965
13112
8109
10546
12187
11525
12546
12881
9866
11384
8078
12991
11648
12551
11163
12778
3148
11459
11405
8646
10353
12069
9974
10701
12573
9450
12577
12948
12551
8657
10772
5293
12686
13081
12300
12503
10242
9731
11218
11686
11711
9977
12135
13003
7503
11202
6670
12943
11662
6194
1603
10756
12499
12845
12687
12735
11250
11141
3318
13157
9800
11352
12935
10869
13115
5213
12161
12022
12949
12200
6861
11821
8298
8065
5488
11100
6750
12140
10692
1929
10998
10482
7989
9630
12067
8559
1845
11706
6086
11228
13024
6212
12329
2304
13126
12643
11072
6320
12611
10696
8890
12985
4367
8671
9770
8106
11367
12294
13219
9008
11638
8295
10699
12938
12693
4695
12925
13172
12592
12698
11563
6098
9511
13042
13160
10719
6666
5787
12074
3989
13128
13171
11213
12389
10848
3706
6727
10634
10629
8448
12866
10131
12282
10578
11013
12831
5871
13242
13093
12737
12916
12545
7101
12255
11591
12876
13022
6586
9263
9998
9778
7416
11456
6936
11733
8340
12271
13250
12632
12275
5138
3919
11576
12713
12661
3944
12769
12011
13030
13153
11856
6403
11785
13014
10194
12918
11596
10106
12905
7667
5297
12092
12844
11201
11976
4716
8002
12327
13152
12621
9380
11853
12887
13063
13039
9960
8375
10396
6056
12919
13022
11996
11229
12120
8645
12957
13225
10664
12613
13058
1397
10748
13111
12663
9047
6654
9129
8089
11401
5606
13341
12852
13137
12381
7076
11010
6899
11930
13274
9831
9258
13139
13206
12034
13187
13052
1683
8791
12166
8190
13180
12660
11657
8293
13311
13193
10429
13124
9868
7442
4371
6639
11077
9613
8251
13117
12689
11750
6325
12364
12729
10877
6682
12461
7363
4766
8356
9758
12900
10193
5275
10711
13349
5180
8906
13388
7514
10990
9059
13272
10566
6035
4617
13402
729
10448
13398
11536
9598
10928
11949
9977
12623
9814
13377
13406
10170
10682
3827
13401
5592
8233
11619
12383
12680
5574
8359
3178
1877
4322
5500
12548
8136
5796
12888
12617
12264
10768
7364
13085
11813
13027
11847
9239
9883
13420
13448
8882
13384
13083
6777
6362
7192
12580
8548
10179
12106
7097
9729
9043
932
13443
11997
9667
10614
12929
13040
13446
4216
13029
13473
13450
13175
13094
9853
13412
4118
10372
12909
10171
12211
9706
8378
13447
1791
13197
11475
12155
13374
13043
8966
8665
13431
8308
5911
13185
13498
10376
10535
11972
4943
7539
10235
11712
10621
13200
9262
10261
11924
12750
11331
8522
13119
12947
12168
10502
7983
7109
5303
13373
12920
11707
12861
7212
13526
5388
11053
8515
11268
11186
11682
11908
576
4027
13537
13342
10254
13209
11233
12738
12491
11713
10070
10942
11255
9659
13050
6580
12493
12224
13530
12879
13557
1981
13503
13213
13307
12226
13474
10790
13544
12934
12954
10282
10168
13140
12490
11695
12040
12095
13555
12536
12104
5195
13575
12868
11799
3874
12710
4995
12090
13505
11719
6708
12340
12555
12480
13591
4350
4123
10898
11188
9537
11198
11259
13567
13574
11990
13092
9434
7795
8701
11650
11903
13135
12430
6368
12178
10371
3776
2591
2188
7760
10703
12690
13382
10558
12674
9570
6994
10360
13514
8993
10519
10163
4628
9549
4153
13103
13214
7981
13632
8356
6561
13411
13302
13104
9081
13561
9357
9557
13628
12722
12877
9023
12600
4366
10014
4893
13429
10763
12904
13034
13433
11272
2784
7667
12626
11688
9086
8675
7667
10822
13494
11545
13304
11498
2350
13079
13320
12790
12604
12923
8771
13261
11737
13190
12739
13233
12945
13437
11804
8124
13672
11171
13181
11291
13676
8894
11716
9169
13051
13167
2350
5119
13487
13330
13220
12894
5596
8419
7940
6487
7196
11675
11481
11870
13708
1342
11913
12494
13146
8576
9405
10455
3263
12534
8993
13002
8494
6615
11294
11781
8600
13585
11993
4481
10084
11377
12064
12426
12809
13254
3186
4470
6140
10092
13690
9500
13738
7663
13741
1806
3364
4728
10241
8679
4418
10966
13165
8311
10567
3336
13753
10618
10342
11648
7286
7979
9651
11442
12222
12505
13467
13336
12149
13118
11476
6524
12314
12092
10817
13564
8968
8690
12616
11101
3952
11576
11465
13263
6295
13665
10241
13666
11587
13716
10815
4366
3833
5039
5599
13389
12341
13093
4862
13780
12937
12225
13694
10704
13178
12396
10842
11402
13423
3685
11076
3469
12716
13773
13595
11823
13156
5314
4637
12597
12220
13603
9882
12344
4797
13652
8452
10928
9934
13519
3952
12396
11541
13662
7658
13665
9375
2025
4446
13487
8396
10860
9876
9813
13571
9154
13829
5818
11349
11209
13369
13331
4981
5864
9214
8443
13486
5569
11319
8221
13771
12632
10926
6980
13618
4614
13805
12872
13856
13161
4134
9064
13320
6926
9129
7413
13535
4118
7410
5004
1297
13847
13831
13191
11172
8019
3215
5250
7581
13335
8166
11745
8078
7192
12595
1625
13601
13113
13890
9804
13899
13893
4303
3087
13793
11017
12088
7587
13884
4992
13877
12280
3511
13896
11373
7444
4562
12319
8946
13885
13834
13558
4541
13912
3745
13914
13858
1079
13615
5275
9264
13737
12578
13385
11777
5385
13915
9488
13725
11085
13913
13340
13942
13849
12799
4985
12075
1342
4820
12851
12846
10546
13902
4806
12163
11900
9517
13509
12933
13127
13687
13597
7946
13496
3006
13923
11583
1932
11274
12834
4060
717
10748
11267
11548
13564
11920
12256
1728
13954
12792
11720
12303
9488
11199
12522
6394
12529
11871
13990
13466
13867
12039
12732
9450
13801
13997
12998
12965
8484
12871
12619
12953
13550
13482
14007
13559
11862
13371
747
13979
13993
13576
13999
5734
13629
14011
13226
9140
12570
11977
13543
13988
12992
13370
11709
13605
13692
12847
13481
12810
13916
13316
13479
13549
11531
6885
9699
12657
12807
11598
12823
13833
11622
9119
10895
4708
13501
12535
11129
6263
8676
13367
3835
13006
13720
12960
6943
5914
13699
5720
13587
5669
12526
6354
13199
1138
12252
12634
10427
8837
9824
11950
7282
12451
8258
12946
13988
13982
11591
7672
10132
12819
13010
13927
12479
10269
13314
13441
11197
13204
13929
12677
13529
13207
12725
12312
11209
9805
8410
10141
7992
12712
13109
7311
13554
13395
11890
11206
9801
8861
10762
11522
11120
14029
6811
10018
14110
8913
8348
13405
3401
12987
13075
13769
7523
8215
11493
9467
14073
7182
4851
10901
12168
10761
8248
6979
11802
13422
12978
12941
12927
7893
14117
14142
7598
11920
9490
12700
10718
12553
14076
4083
9325
10216
9603
12664
12928
12969
13973
13260
12078
7970
8856
12422
10961
1050
14006
9590
7406
10975
11643
11208
13656
14090
14120
10825
13305
12453
8975
11280
8104
9023
14169
11195
12858
13888
12065
13566
12435
10434
11537
12542
11936
11466
11938
9993
10470
10395
13485
12912
11975
14201
13515
8488
10030
10546
13357
13350
13186
12030
5323
13768
11570
13196
14002
11665
14209
4375
11142
12679
14102
13164
11057
11175
14093
12482
10058
12898
13344
10105
9976
9571
14232
13569
14234
13945
5498
6622
7748
13548
11695
11347
10576
11749
14095
13645
6959
13361
13975
14009
10849
3504
13910
12535
12350
14220
10801
12964
13642
10356
8274
11040
13969
12309
5213
7066
11810
9924
13008
10134
14196
731
14233
9080
10633
11785
10416
13904
13828
2522
10291
11686
10564
13292
9882
11869
14065
11376
10328
14283
14047
7263
14146
13819
13962
8388
12321
9243
12719
10404
7156
13818
10343
13531
11575
13578
13173
13318
9455
12144
13866
14192
14260
13238
6250
5893
14270
8328
13963
7987
13330
13352
12986
6127
10910
8913
14181
13740
11520
7208
13101
13286
3006
11655
14047
11030
7127
11733
13513
9130
13449
6515
11286
12447
4285
11636
14014
8930
14347
1163
9465
12547
11345
12128
2192
8628
2598
2932
9217
7689
6677
5011
13102
13934
12910
9797
13701
8273
9441
12178
13249
9642
11820
6020
13470
13795
11953
13964
14371
13700
13418
5326
13021
11906
12648
12110
13323
14103
13594
14314
9638
6897
8018
10918
14391
10661
13069
5037
3855
14273
14362
11192
13425
12404
11696
13077
4191
11826
11685
13306
10709
6711
14041
6562
14413
2350
8722
6589
10314
14381
13546
1297
4191
11677
11671
13887
14279
9996
13220
6675
2425
8902
13139
5679
13661
9745
7097
573
9123
1330
13526
4234
11042
14109
14238
9961
13835
2579
13637
3051
5588
9913
14450
13440
4514
10575
14312
13317
11590
13409
13581
14277
12454
13825
12873
14459
12726
14266
14375
7823
11828
13511
10565
13471
13182
11273
14166
12878
13580
11563
7476
11818
4142
11177
14355
12431
13154
12951
14379
13067
12718
11880
13776
13715
1660
14477
9724
6419
14480
9791
12886
13062
13201
14035
4311
14369
14483
12771
13338
10758
6748
12911
13264
1941
12742
9283
8629
11851
14118
13806
11156
14472
14515
8113
12314
14502
4957
9418
13076
13688
12740
13155
8902
12829
14505
12085
3268
12723
9433
7810
14415
9492
9502
12857
7430
11867
14144
13684
10213
12917
11222
12802
1844
14552
11337
13730
14039
12324
13273
9992
6711
11358
12273
9668
9325
8936
8128
10671
6668
8222
3414
12387
6708
11096
8674
9908
14069
11879
13798
14072
13709
5356
10417
13987
12341
13400
14576
2594
11137
13086
13820
8329
13932
4500
12369
8913
7326
12541
12107
6260
14293
14081
14586
13235
14161
13812
6924
9154
10750
6394
9534
13259
12602
14484
7970
6559
3705
13301
13269
7928
11507
6107
8912
1941
14549
14473
11333
12860
14136
14145
13095
10550
13392
12785
3321
14417
4859
14126
12576
13848
13403
12310
10843
14529
13424
7865
8377
14637
8810
14366
10262
11504
8861
11746
11065
6600
11242
14607
14403
13059
9432
10091
8906
12193
13487
13170
14205
12062
13459
11556
6895
10597
11545
776
5686
10067
11420
7002
13419
2758
12976
14680
13107
10170
12485
13148
13453
3065
9066
13528
14360
13938
10108
10209
4676
1584
5324
14696
12525
12415
13376
7212
12269
7683
1660
12795
13035
14595
12669
14088
14328
14072
13602
8224
14229
7058
11437
12812
2311
13481
14709
2983
10144
5100
13381
13325
5252
4614
8428
12172
5024
9103
698
14730
14027
12467
10127
11276
14727
5551
9293
13296
13748
10950
12374
9037
9094
10096
1597
8624
4039
12647
14633
9226
14546
14014
12217
13689
7803
14731
9660
13416
14235
11567
11454
7744
13242
14631
13299
4113
13269
13617
9812
8787
13807
14030
13239
13177
13844
13732
12279
14482
9225
9718
13227
11034
11238
14781
14498
7397
1901
13384
9773
12375
6459
12027
11869
9256
12899
10320
13517
11692
8547
8839
4308
14431
11533
14101
14569
12544
14242
6035
5469
13985
8753
9698
4997
12835
2161
8809
11063
12325
11770
10748
5469
13419
12401
10587
12838
7678
14581
6347
8388
810
14832
13464
5771
13760
4527
14774
4015
9963
12213
13994
9720
14705
14361
8975
14848
8531
14524
8150
13041
10729
14479
13857
9858
10977
9295
8326
12370
14214
12373
14466
11618
14359
11691
13949
12260
8754
14764
11518
2055
13430
14872
4930
9108
14077
9410
5046
11346
6739
14855
14852
14147
14805
14867
13713
2386
13644
14385
5899
12841
9928
13195
5339
14815
14891
14485
12417
10912
3268
14899
13497
14300
14485
12672
12070
13480
14219
13077
8460
7569
6024
13677
14895
8104
13343
14817
10500
8142
14830
11617
14884
13919
13952
13796
961
14820
14839
14578
12371
14395
13363
14373
6938
14937
13236
14596
14396
13733
8197
11522
14943
12668
14061
14386
11730
14950
14724
14952
13560
10821
11617
13811
14008
13875
10985
14950
6889
2602
2306
13330
12875
13045
14653
14675
12717
9140
13681
11725
14208
12622
14960
3863
12903
14187
13998
10231
14831
14822
14865
12158
13220
7413
11228
10840
12885
11304
14748
14904
12221
14519
1138
14961
14012
12939
11548
3042
14688
12962
14697
13362
12551
14879
14415
12402
10663
14333
14535
14964
14881
8121
14876
14309
14958
11764
7432
11006
10908
14742
13023
12002
13750
478
10648
14972
14944
8682
13693
11337
5575
12142
10475
12347
2654
14910
13766
14606
14264
15040
13663
14840
10663
13232
12883
14481
15042
6078
14284
14636
14890
14957
8483
11455
14520
10113
7464
15050
12162
15047
14871
13141
14034
14541
13996
14859
14078
9708
14630
8760
13972
14645
15073
13456
8475
9166
9678
7633
9129
15001
15074
13417
14913
9965
14996
14091
14940
14048
14860
14986
15092
15051
13808
13500
4884
9197
12972
13253
13445
9831
14231
2814
1221
14033
10997
12451
13772
15108
14942
1425
15021
13869
14674
14346
8667
14635
8937
15116
15069
14269
15058
13523
13166
14808
15017
14658
14426
14051
12004
14676
7880
11380
11539
9073
14955
15080
15015
14442
13254
15083
15033
14951
15144
13110
14566
11592
14520
10487
4773
14661
15088
11325
13154
15097
14938
13731
14497
11347
13203
1539
15049
10381
14797
2679
12825
11032
11353
14708
14094
3597
11035
14464
13680
13842
4470
9937
15099
11547
6156
11689
14513
14984
12656
12605
961
7544
15177
13757
11635
15130
10519
14686
6533
11877
14945
15094
10969
3394
15178
14563
14750
12830
15041
3998
12914
10397
8781
8482
9398
9514
12274
6687
10442
10332
14714
13715
13584
11547
5008
1863
10400
14570
14193
15100
15152
15227
14788
14977
12322
12922
12653
14108
994
14577
14624
14826
14194
12824
14973
14911
11411
10673
1333
13827
11462
14562
12495
15028
12557
7572
14780
15002
13966
13365
11062
12323
13818
15224
14783
15069
12314
13295
15162
11178
14509
15151
6446
11323
14648
15094
12428
15223
12278
13950
13074
10710
13668
8330
13836
14507
14151
15189
14305
14251
13518
14180
10254
14963
2024
15287
11982
13667
12704
15030
3352
6509
11741
12308
13522
9889
13674
5167
13670
13290
14384
14905
14829
6129
14532
9524
14070
10553
13940
14465
3263
14803
12005
14062
12681
6996
15323
13375
14223
14342
15320
13990
14017
15265
5053
15297
14619
14969
15029
14917
13246
13711
14109
12260
11242
14603
12442
5079
13909
14221
14850
9578
15314
13097
11935
13719
14517
11939
13953
3816
10873
8947
11738
15104
14102
14982
7839
13280
12348
13589
15070
15060
13551
3837
9052
13588
15364
13322
4039
14106
1792
15376
14038
14997
9684
12227
3827
4055
3466
15367
7371
15093
14261
8008
15390
14350
14246
14290
14787
15281
15179
14320
14206
13329
15289
14795
12837
15188
14003
15295
4317
14239
12448
14365
4531
9158
12134
14315
14583
14402
7975
15061
13605
9999
14761
11462
12846
10211
14537
14174
15393
11491
13364
9588
14453
9124
15431
10185
13986
3886
7247
12767
6456
12095
11728
13577
12711
15259
15052
13176
9475
11070
14023
15313
7198
11399
14667
14620
14097
14926
11410
10784
13231
14794
14419
7222
14593
12216
14793
15449
15231
13234
13917
15279
11602
14250
11568
12947
14580
11624
2980
12761
15338
15406
7153
4223
3802
8151
12029
14518
13675
11658
10884
14571
13608
14335
7793
8704
15269
15034
15475
15164
12950
8635
14463
15202
15180
13162
15401
15507
15403
12936
14240
14897
15455
7922
503
14186
15484
15410
14665
14420
14199
13583
15365
14916
8982
15383
13886
9276
11322
12351
7598
15248
6210
14308
15531
13854
11946
2356
13850
14338
15008
15184
11956
5721
12752
11789
7589
9407
10996
15197
11260
10999
14470
14612
15512
13790
12805
14766
6815
15399
6697
13419
14672
9236
14641
8525
14846
14901
8982
11694
15535
14198
7987
15196
13774
15131
1316
13395
13792
12859
15343
13008
11783
9492
13810
15470
14974
13243
15016
13980
14526
15454
15003
13593
15402
15325
15053
13361
8737
15596
7662
15588
15594
15093
15603
12457
13872
14022
13362
15608
11297
15510
15385
15450
11130
9340
10421
13400
13196
12364
14168
14587
12334
13616
13489
12940
11933
14129
11570
15583
8567
10462
15622
15170
7541
13328
13630
7470
15635
15473
2478
6406
14610
15633
9866
10462
15623
10656
14590
15351
14018
15160
15312
14514
12523
656
15597
15207
15526
15407
13702
12958
14939
15508
13688
15253
15432
3255
1568
11292
14310
14894
15384
15059
13803
13870
13230
14032
15666
15558
15048
13981
15485
10088
3937
13746
15611
15150
13596
12524
15626
14241
15460
14089
5942
997
5404
12314
12094
13678
7760
14935
11980
9369
11941
7987
1660
10460
11193
11414
15522
14918
8384
15075
10004
7846
12839
14256
12694
7822
11434
9620
7845
7721
13868
15295
590
13623
15392
14293
14925
9631
7110
15543
15514
14247
9786
755
15537
10812
14092
15504
10669
1604
983
4636
15500
12654
13468
15165
13168
5385
15748
3205
14651
10549
13788
12622
15741
15201
1650
12961
13624
10655
15056
4412
15463
1316
9656
15397
12773
10087
15249
11601
15283
13729
15762
13657
14679
12432
12904
15760
9352
9421
6887
3503
12471
13262
15579
9423
13198
10465
4914
14655
4015
10145
5986
13659
5063
4968
13284
3716
3849
15193
13354
14280
13438
15404
13358
14827
11591
12990
14318
15654
15190
6630
14001
12963
13616
15683
10166
15096
587
15701
15539
8026
12184
14492
5792
15660
15616
15472
9858
15195
14962
15522
8816
8388
15127
6426
15691
12357
10027
14470
15844
15340
12205
9648
13189
7683
15265
5575
14951
6041
12900
12413
15816
15335
12520
11359
12449
13854
15483
5364
10665
15571
3780
8130
10211
9260
11744
15692
9289
15499
6104
12872
15602
15496
2980
3825
14909
12877
15563
9514
15756
3571
15860
11496
14393
11752
9885
12012
15599
15684
11098
14049
15791
9018
6791
9197
15386
1019
14921
15464
13673
15067
14033
14621
9154
15906
15681
10391
11518
3800
14204
15037
14614
6996
11779
13071
10516
15574
11837
13697
15676
11460
13417
8454
10104
14770
7098
14253
14299
15358
14953
7369
3350
15913
15206
12017
15823
14976
13648
8984
15763
7414
15944
14262
15405
15521
15592
14727
15799
15171
14741
14835
9100
15542
14014
15213
15949
10697
15689
14951
12822
11200
6375
10315
11859
15118
11085
10351
14460
14678
14418
14713
8913
15494
12892
14866
13434
10768
6696
7691
13949
13401
7598
13208
12301
15688
11753
8632
12806
12794
9725
15586
15103
14317
15619
13590
11783
13439
11131
13988
15854
13114
14288
15371
15563
15381
15334
15662
13319
15293
13570
15721
15652
14099
15670
15938
14844
15977
15615
15677
15260
8169
15469
15606
15848
15481
13967
15717
15601
9873
16028
8113
12575
14554
14496
15036
16019
7021
15927
14538
14200
13686
15617
15072
14323
15502
14869
15380
15795
12581
8236
6739
4929
14721
14301
7116
15519
7469
15918
15546
15349
11621
12109
14756
15373
9087
13145
14746
15426
9203
14928
11015
16042
9411
15434
7302
7410
10007
11510
15734
15278
849
12734
14150
14923
14760
8656
15554
7899
15433
1848
14703
13144
11400
14790
15022
14858
10501
16046
15856
13863
15696
16088
5874
15565
9903
5860
13415
10953
14765
9799
5423
12684
3729
13974
14857
15875
4159
3237
16119
14468
6948
12817
15925
13654
12758
6102
11457
13907
9864
15863
16131
13129
13909
7237
16135
6565
5205
16122
5673
15174
9587
12302
9894
12026
15458
15973
11763
15575
13921
16134
3922
9995
5450
10806
16069
4448
6315
13510
16158
7561
16002
15009
13721
16149
8246
7047
16167
7630
9607
15782
13032
10454
11648
1057
3237
16151
9948
7217
13726
13540
15413
2472
7830
11747
15239
10318
13032
16166
13091
16191
11261
10155
14427
16196
6435
7830
14088
14345
14455
15874
14608
16202
8826
4469
16186
11968
15832
16150
16142
14102
9939
13549
6024
12317
4975
15532
4533
6013
11576
12604
3429
14537
16036
11530
15839
14618
15732
15046
13839
4660
15337
16235
15822
15896
6462
14540
14294
15928
15324
10569
8801
11335
12270
12214
14553
11488
15065
14527
10852
10677
1290
12477
15890
15379
6141
7108
14105
11014
16017
14234
12796
15408
7886
15743
15516
10864
10369
16116
16014
16262
15447
16267
15515
15613
14114
15111
14814
13939
7603
7935
13542
12645
15524
13606
15265
7097
5393
15012
15685
15953
10766
12532
9182
15639
14028
13131
13356
15951
15738
14084
14510
11857
15935
16031
14842
16023
12666
16046
14671
11855
13756
14654
7357
14182
15600
10030
16089
15098
12724
15585
15849
9799
1118
16297
14222
14912
15146
5525
11652
13151
15202
15678
13305
9758
16338
13826
11656
14031
15552
15138
13516
15079
10999
11518
11470
15914
15511
16242
11873
16277
11904
16038
14461
15959
14319
12721
15252
15852
7414
14019
15958
15409
15230
14782
12044
15653
16008
14959
15357
15838
15954
16234
10759
16281
16360
12586
14246
16375
15023
14903
16027
16050
12025
16026
15545
15295
15731
16080
16012
14063
15257
16377
15329
13813
14941
11784
14839
16332
14040
16233
13025
7208
15657
15663
11477
10823
2759
15158
12143
15829
14956
14135
11310
8583
15221
15228
12544
15667
15132
10409
14987
14924
8773
10939
5031
10917
14353
15826
11124
12889
13521
14868
14728
6043
14025
8152
14693
13784
5875
12105
10644
12516
3815
8256
16406
15817
15290
16287
7697
8825
16221
12302
12453
10176
14169
16374
10562
16016
11759
9993
4457
12086
16021
16032
9991
15509
4481
15829
15420
10589
14427
12074
13573
9995
8158
14907
3128
1745
8026
14488
14825
2618
8010
16480
10504
10432
10973
14715
11879
7944
13309
8919
12170
1700
2438
12459
7305
11185
10978
10654
4744
14067
5548
16494
6694
7156
16260
15544
3027
6636
8010
14437
7119
10380
15270
14698
15651
9121
16420
10020
12124
16437
16473
6708
14804
6946
8215
11771
7702
9510
9731
14716
3989
13504
14407
15400
6931
8396
15866
13840
13889
12158
9329
12121
15321
15124
12901
15158
16515
6229
12515
13924
14966
8342
10770
16266
15907
7706
12791
5003
16552
11605
16563
14999
14544
15590
16559
16349
5377
15746
16353
16231
14252
13298
6554
15413
12746
6340
14876
6691
15835
5210
16470
13022
14626
16082
7890
4692
11242
16547
12817
16386
12131
13281
14555
15459
16390
15497
12695
16400
15595
16383
13568
16303
16018
8706
16596
15656
15686
13188
16608
16170
16356
16306
16612
15695
16605
15836
16312
16613
16408
15478
14718
16272
2437
9942
10915
8087
13427
16225
11332
16275
7798
13864
15181
14701
12416
5891
2897
14128
12779
12263
16626
3794
10683
7093
14495
7900
16278
16368
6562
15723
2588
10247
10838
13194
14970
15341
10137
14823
14561
12394
13159
13105
15933
6312
8855
7606
6079
8559
12027
13145
5324
15491
16274
3794
12249
15737
16623
15809
14946
9693
16239
16381
16454
16286
7779
963
13787
16015
15740
16686
15751
15372
12040
16677
5275
14802
12033
13288
10246
3645
12241
14525
15997
15503
13106
15291
10550
14228
8439
16171
16132
786
5495
15091
6260
15913
15136
15590
16139
13293
1603
15922
5448
15705
10928
14161
13882
16669
4752
5271
11634
16193
7342
15586
12406
14543
16723
12741
14704
13321
16359
16148
8929
3855
10388
16405
16326
8586
14197
11575
16754
16747
5349
15783
16092
11958
16720
7733
16761
2378
5054
12857
16210
15880
12323
9102
2378
16533
7091
15680
8234
16774
14824
15266
5942
4692
14057
12967
12706
6596
14363
11342
10642
16252
13976
2596
16787
11037
8133
16144
11196
16271
9556
16094
4841
12209
10402
5388
13389
13704
11003
16340
15517
8378
16779
16576
16358
16003
16658
14172
3314
3500
14044
13873
14773
9958
16618
13698
16236
16309
10192
16001
11149
16472
15527
14042
12423
16706
16627
16624
7300
14149
15593
15306
15471
12840
16506
2850
12360
13691
15682
16621
3573
8851
13186
7224
14226
15071
14474
16080
16633
15536
10206
15570
15381
13633
10113
12559
15899
14004
14933
14259
16693
16466
16392
16378
16830
16034
14037
10877
16462
15878
16860
15628
13339
11122
16882
16872
16540
11059
2319
5595
15884
15952
13911
16752
12272
13306
7196
12841
14930
10179
16884
5546
16672
15175
12970
16370
11871
12851
16817
16702
16329
10449
14263
15173
16841
12052
14884
4004
10592
6378
15067
4608
14267
9186
14888
16616
15495
16625
4718
12533
10717
14376
14604
14122
10682
16503
12108
15158
16812
14640
10823
13524
16365
6497
16108
3935
5121
15991
14632
8982
15430
15647
7000
6266
14521
16062
14387
14637
14537
16810
14836
16379
14461
4472
13614
15802
16664
16913
10299
8130
8936
5121
10937
16819
16270
3752
6649
16851
14707
16735
8260
11054
15423
13241
14012
16459
16361
7453
16148
16254
16052
11728
16269
15007
6229
14931
15284
16141
13116
4866
15833
16389
16589
14191
16169
16430
16930
6740
12355
15966
16954
16604
17005
13315
16354
15834
16372
15811
16687
17014
17019
15513
17021
14327
9561
9984
16843
15690
16037
17009
9238
14306
11435
13055
14749
12566
4811
16527
10719
14796
5213
15815
17007
16181
16935
13770
16035
16453
16600
15697
17017
17004
17023
15600
17050
16698
16827
16246
16845
16044
15629
16824
17061
16394
16380
14289
15553
5498
2927
14157
16186
15760
11603
16745
3819
12745
4509
15260
12543
16496
6340
16598
16011
13057
16455
4426
15610
15438
16093
17055
7191
11955
15605
13747
16344
9762
11756
16644
11037
10487
14598
16651
13390
16825
13215
6612
16295
14164
16611
11786
16617
13585
1466
15556
16742
15203
13647
13145
13252
14870
7664
16499
15932
16156
14059
12709
13408
13785
14010
10916
15085
12932
16079
16284
12688
14298
10768
15820
16894
16407
16964
16456
13269
15339
13154
13772
13090
14491
14218
16124
16996
14877
15610
14508
16818
17147
13066
15981
17142
16877
15693
8956
14994
16712
15501
16393
16999
13300
11700
12016
17054
14121
10097
16143
14522
8637
17172
15929
10788
8856
16207
8508
15139
15413
12846
6749
9300
16385
17058
16594
16630
17081
17154
16449
17185
13475
7503
15415
3517
12235
15506
9604
13337
12405
14468
11415
8427
17001
16759
15064
10510
17200
16551
7214
16554
16573
16620
14310
17215
14361
12103
17163
14370
7018
16417
11693
14449
12674
13499
12432
4827
13216
17072
15520
16371
15119
3899
15753
16907
13682
13625
16194
8268
14424
15777
14066
13604
14060
15545
13727
14390
3642
17212
11597
13131
7937
13671
13621
7152
11667
6493
15342
14919
15477
9137
15704
15344
11412
17263
14064
5105
15901
9422
17268
16257
15869
16875
17065
16629
16350
16307
7418
12973
9121
13426
9969
12776
15758
16750
13468
10576
16097
11463
13878
16327
11718
12701
10605
11815
5968
13380
11231
13573
12682
14778
16602
5298
12473
12930
17303
1645
14046
16104
13071
12439
10544
5532
11038
16716
9306
12855
16869
14613
7711
5143
10337
3401
8825
10822
12682
14055
8113
9740
14809
9324
17237
14639
14499
12931
14137
16041
13579
16282
2496
17308
17344
16610
17346
11471
16603
17146
14650
13353
16607
16424
15853
17191
16906
16410
16897
10525
16834
16694
8529
16749
16317
16657
10231
6041
15840
15035
13138
16791
7006
15569
13978
6371
14530
13257
15244
17343
15218
14281
16531
14138
15673
16043
15621
15350
14339
13765
17379
11736
17189
5758
16208
8689
15887
17392
360
4683
17396
17361
9947
6696
17400
3085
17040
7429
17235
9752
14978
15318
4768
9937
5535
13718
16280
17022
17062
6902
17406
14190
16697
13194
16443
11654
16829
16858
9966
17003
17168
17143
17111
17190
17369
17354
17436
16908
16873
16450
10785
15577
16582
16412
15235
10496
17256
16632
13457
15086
9467
13778
17367
14896
17421
17066
15200
15709
10401
16404
17130
7097
3059
14255
10716
16619
14340
17092
8212
16832
17025
15720
17339
13865
7699
16911
14352
9405
17140
17283
16298
17431
17104
16888
17359
16172
7786
13818
17353
16258
7878
4644
10105
17479
16826
17192
1431
15669
16641
13258
17290
11929
14372
11994
16928
17338
12390
13452
16107
11318
15251
15004
2500
15440
16439
10564
17051
13397
589
12337
12669
11008
17105
16256
14597
15256
6680
15582
16261
15778
17439
5530
5361
14910
15728
17443
15154
7288
14886
4209
15129
4378
13245
15821
7823
17339
848
5085
6428
14349
15413
9301
17047
16336
13351
17553
16630
17555
16345
3757
16351
17551
12535
13979
16064
16692
5045
14557
17557
15717
16660
3915
15113
14490
16053
14013
15427
13823
12352
13794
12357
14354
12290
16645
9812
7837
11646
15312
17325
14014
4901
17367
16947
16804
2329
6513
7066
2264
17590
5455
17348
4998
5922
15976
14114
13723
11209
14810
6108
11783
16230
17057
15421
13481
13900
602
14512
17236
10572
17281
932
17620
16240
16268
17623
12636
16700
17437
15272
17152
11883
17630
17441
11379
17499
9493
13156
17456
16765
16581
15900
16188
17634
14098
16169
16411
16353
7655
10757
15549
11885
16049
17015
15176
7852
5909
15328
15158
9355
14779
2072
8701
14660
16757
16609
17009
14681
15996
17030
16628
17435
17279
17668
17656
15305
17474
17484
17633
17440
17621
17442
17059
17053
17434
17162
17433
16876
17485
17063
17672
16840
17471
14213
17156
16912
15655
13937
17173
17339
17372
14026
17313
17031
17098
17053
13396
12966
16070
17533
11276
17363
6945
11030
17106
13595
15044
12506
13255
15105
16831
14860
14377
17012
17547
17243
17644
17529
17029
13251
17113
16403
2440
3479
15316
10550
15394
13688
11559
11464
13137
16426
17340
17462
13944
17488
6910
2997
5546
15968
8122
12877
14699
15579
5108
15500
15873
16321
9484
15152
12582
3848
12460
17394
17144
14619
17570
14565
6422
16337
17203
12948
16941
15191
17487
17438
17087
10691
9054
15904
16387
14115
14534
9936
11333
15701
16927
12832
9769
17785
16055
11679
6426
12314
15675
16555
15247
17452
17234
17554
13761
17382
13466
16980
15330
16302
17183
17414
17349
12846
13958
16382
17669
7994
17508
17161
17691
17731
16464
17778
17447
17675
15081
16981
6910
13492
17420
16308
17819
16040
8812
15716
8923
12601
15392
13868
16201
11919
17381
16917
2943
16420
17525
17660
17421
10172
16660
9541
12844
17697
14691
16140
11569
17610
9552
13194
14276
14856
17424
17671
8266
17792
14411
15850
17860
16794
13009
16868
14860
5595
9281
10163
15868
15486
13719
14120
15845
8520
1624
17758
17821
12210
16033
15296
12215
15370
12521
13178
17512
15158
12874
16970
7442
10471
13651
17667
17458
17571
17056
15008
8835
2571
8948
13607
17562
13133
13278
10132
1077
17466
15215
17556
17901
11691
16815
15427
8881
17398
14085
16564
17686
15307
17169
4718
13670
14364
6134
14644
15611
17492
17295
15661
16364
17224
8175
16734
17650
16101
17694
17422
11404
15717
17777
16714
17638
15087
17219
16103
17052
6939
17883
17157
17534
9253
5165
14847
17840
17680
17749
17929
16780
12033
17932
16132
12453
12703
17231
7476
4677
16575
9108
16732
17945
11712
16279
15676
17932
12031
5238
15222
17364
8899
3906
17172
17983
11372
3671
10826
15501
14874
17399
14971
3253
4820
9183
11694
16293
12733
16163
11948
13360
14207
17509
17674
17833
302
11747
12728
15687
4442
11295
10727
13848
15445
15891
12523
16866
9611
17148
17773
17979
14315
13130
15708
11961
14478
17893
16951
7494
6945
14608
18021
13472
14355
13979
6084
11235
6509
18020
15770
14060
11285
9347
8429
4556
17581
18041
11947
16732
16962
14553
9772
10960
4665
8378
1162
8580
17727
9468
16897
14170
9194
3367
15578
5773
17841
16544
8820
18032
5869
8956
5580
13892
18066
17657
15994
16549
15919
1896
12913
15468
17888
4499
16546
14367
14503
15123
15855
3458
3161
2095
10908
14358
4535
9527
15346
14445
7183
11443
12395
8972
18075
13174
14383
17209
13091
9806
13364
17735
11545
6939
9920
16413
18086
8355
15229
14811
16076
8318
6711
18113
4884
16799
18105
12159
17462
15911
12343
1112
14628
18074
18124
16090
1291
5485
16066
14248
1985
1053
18131
6600
18123
1644
590
18116
5353
17418
17789
5497
9245
14739
743
2763
14133
2421
8255
18126
12720
7699
17797
16075
9470
18154
4499
18156
2566
18158
5484
7874
7638
6111
7569
15529
16533
18095
15214
14159
9527
852
13841
2471
14929
16514
2553
16517
9681
13026
4444
3642
17832
15443
18139
12462
3413
9757
2586
12456
12891
18190
9549
18192
15436
18150
9487
14634
16072
2636
13089
13832
8188
14378
18107
6447
14553
7465
18197
10005
18142
13933
18189
4456
18202
2097
7340
18151
18080
2304
16324
7937
5551
18199
14732
18201
4366
16040
15346
17782
6693
14601
4039
15499
3379
18188
18200
18223
18236
18225
16133
18227
17278
18177
3399
1625
18111
18221
18246
4617
3107
18249
18238
16076
15963
6592
8575
2709
18233
5109
6971
18260
11923
18226
18215
18228
18240
15422
18266
2902
14968
16647
18191
18261
706
18182
16993
7156
4324
8222
13742
13702
18281
18224
18272
17624
12323
15963
17187
11188
5551
18280
5184
18282
18294
17725
15068
15698
4252
14258
18289
2371
2317
2348
18271
12585
280
