79
78
10
79
70
70
258
260
262
261
256
264
258
257
259
265
269
272
268
267
266
270
275
269
263
277
281
280
283
265
280
279
271
278
274
276
287
290
284
293
285
296
275
294
281
292
276
286
290
273
300
298
288
282
297
309
307
295
313
291
304
289
311
302
310
299
321
308
303
306
315
325
301
324
322
312
325
299
301
305
305
329
310
328
320
340
314
337
316
326
343
332
341
318
333
317
324
335
351
338
331
330
318
334
317
353
347
342
348
357
346
359
345
308
367
365
364
355
362
326
367
370
372
356
373
366
344
377
363
379
385
319
314
361
383
387
349
378
374
376
344
381
392
386
350
394
382
354
384
398
358
331
395
368
388
399
393
390
361
371
411
402
406
401
409
405
357
408
400
397
336
393
422
360
407
403
375
416
405
426
404
339
417
437
421
380
369
430
418
414
427
348
435
391
346
352
396
446
443
390
397
451
449
453
327
431
456
442
458
433
425
443
466
464
440
431
448
468
457
415
470
432
444
436
404
475
400
448
439
408
439
481
373
472
488
429
469
487
491
484
454
491
493
478
469
413
452
465
447
502
419
450
504
492
490
500
471
505
498
473
441
410
420
514
463
507
517
457
486
459
523
467
323
463
524
503
417
424
528
532
525
510
530
391
485
531
434
513
534
539
543
541
526
418
468
538
498
445
512
460
509
541
553
506
529
547
508
489
522
560
476
482
480
516
545
566
537
546
549
569
552
438
527
461
520
565
519
497
544
563
518
580
557
554
501
586
561
479
419
585
582
477
521
594
568
433
558
483
496
571
386
602
573
474
536
604
495
599
556
542
511
574
517
595
610
597
569
540
605
615
585
626
618
579
601
578
570
538
619
604
533
628
614
576
591
555
548
596
567
614
603
640
596
558
644
609
535
592
616
646
455
459
634
641
587
624
642
544
462
608
508
598
651
570
662
653
649
575
584
665
588
640
590
658
639
627
613
551
657
573
678
600
624
672
564
675
625
593
636
621
691
680
589
698
661
562
631
655
653
644
612
668
650
620
689
669
581
620
705
629
682
671
685
715
623
648
687
686
638
412
691
723
683
630
677
699
728
692
645
731
704
572
617
632
687
428
647
622
494
736
744
659
652
688
740
663
674
555
732
475
607
733
721
477
633
606
676
389
750
690
499
754
701
616
550
745
695
738
423
713
737
706
752
679
768
732
727
762
764
559
748
643
712
583
696
780
715
694
670
749
730
773
784
707
791
499
667
725
747
804
664
797
742
635
510
598
774
783
807
697
808
805
660
714
700
746
694
812
820
753
693
751
577
824
799
765
710
758
646
515
798
803
834
673
637
815
777
611
702
790
844
801
818
709
826
637
767
843
738
770
829
776
792
788
856
748
823
830
824
763
615
794
787
786
752
867
775
869
831
845
476
710
782
860
825
814
827
766
729
612
852
883
733
590
863
741
802
718
795
885
761
816
755
875
548
779
853
898
887
842
847
789
876
893
886
741
895
796
903
708
896
832
737
868
880
901
894
722
828
903
921
819
905
911
836
916
873
887
919
900
784
926
857
769
839
772
833
765
811
899
837
893
819
919
865
891
778
930
888
846
871
717
420
760
941
872
960
874
724
875
756
841
957
681
855
934
859
668
921
838
896
915
897
768
944
881
726
953
969
952
908
986
984
840
961
703
795
935
864
945
851
953
956
807
937
853
959
720
961
998
991
925
943
990
932
942
816
950
849
1012
931
964
772
781
976
972
1014
1006
870
918
1009
711
1008
505
910
660
889
743
1017
977
1032
554
892
906
1027
939
907
1007
785
1041
978
809
963
793
848
1016
806
905
1000
804
1036
613
1011
1052
846
1030
1029
1042
1050
866
882
723
977
914
1066
699
806
1069
1048
810
1075
884
1047
1039
890
979
1033
1035
858
1078
1072
1031
1084
1079
1024
907
1054
863
656
1062
1034
1076
1044
973
997
1090
1040
835
922
1039
1053
1100
909
719
1063
729
1103
1106
1096
1110
958
1060
968
1078
1113
1061
796
1094
739
994
654
1109
817
1077
1105
1117
1125
912
980
1080
1020
989
850
1046
1089
1095
822
983
593
928
985
815
1068
1070
1128
757
1097
1134
1064
929
1140
1045
1054
681
1145
1137
987
1085
1149
1135
1156
988
1057
684
1040
1160
1124
1147
1101
1153
995
1116
374
1175
1139
1099
1178
1164
1154
1082
1174
1183
965
1037
1187
1168
1136
1055
631
1103
951
1074
1127
1165
980
1123
1120
1111
1097
1171
862
666
1204
1194
1146
803
1083
854
1210
955
1186
1198
1184
963
1019
999
1192
1181
1049
1071
1211
1087
1213
1225
1192
975
1182
902
1226
1141
940
1133
1234
1177
1224
1191
1228
1239
940
1195
1207
1235
1088
1056
1200
1215
1131
1196
1193
1242
948
1246
1254
1240
1256
1209
1247
1232
933
1238
1231
1038
1206
1252
1190
1142
1017
823
1171
1245
1269
1138
1271
959
1212
1259
1214
1242
1266
882
998
1267
1028
734
1015
1151
1277
1025
1261
1258
1244
985
886
1167
1220
1023
1222
1152
1033
658
1205
1143
880
1043
1148
1001
1118
1156
1278
1307
1237
1016
1316
1065
1115
1314
1162
1289
1002
1229
992
1218
1308
1327
1240
1305
1325
1199
1303
1311
1272
1129
1043
917
1088
1333
1095
1092
1282
1155
1253
1331
1150
1310
1241
1321
1345
1257
974
1320
1334
1172
1265
936
1176
1299
1359
1130
1180
1329
1227
1167
1309
946
1328
676
1341
1357
1233
1230
1051
1344
1296
1288
1093
1355
1138
1279
1149
1339
981
1166
1360
1189
1119
1188
1319
1323
1127
1158
1248
1379
1081
1091
1376
1176
1223
1185
1161
1173
1397
1219
1371
1227
1253
1260
1392
1284
735
1114
1044
1113
1286
1169
1306
716
1326
1292
996
879
966
1369
1155
1383
1423
1370
1348
1403
1263
1005
1391
1410
565
1324
986
1437
1342
1107
1290
1212
1343
982
1363
1446
913
1353
813
1413
1289
1038
1338
1262
1321
1121
1273
1294
991
1449
1179
878
639
1330
1381
1254
1220
1346
1436
1365
1161
1003
1408
1217
1288
1385
1287
1416
1401
1216
1170
1447
1073
1157
1131
1298
1477
1139
1479
1483
912
1426
957
1467
1124
1459
1490
1086
1404
1427
1282
1429
1432
1468
993
1499
1263
1439
1492
1251
1241
1512
1386
1351
1293
1132
1394
1374
1104
1480
1494
771
1453
1123
1517
1129
1268
962
1522
1384
821
1169
1405
1122
1443
1402
1399
1364
1540
1536
1418
1337
1533
1264
1312
1250
1431
1058
1285
1546
1489
1531
1497
1465
1238
1441
1291
1498
1294
1352
1010
1503
1382
1461
1406
1387
1555
1257
1523
1390
1541
1243
1545
1534
1513
1559
1462
1548
1552
1115
1515
1539
1560
1544
1363
1368
1577
1322
1455
1064
1495
1519
1569
1395
1102
1398
1531
1509
1549
1435
1125
1602
1021
1389
1440
1356
1584
1433
1524
1313
1535
1593
932
1463
1327
1301
1516
1599
1445
923
1422
1126
1547
1595
1059
920
1507
1026
1612
949
1478
1144
1474
771
970
1473
1586
1611
1482
1457
1609
1388
1598
1276
1177
1527
1022
1163
1576
1444
1546
1501
1613
1442
1595
1274
1615
1415
1181
1439
1349
1589
1290
1318
1536
1347
1667
1419
1607
1275
759
1525
1567
1625
1449
1612
1659
1400
1510
1502
1317
1203
1590
1592
1573
1663
1236
1652
1354
1221
1646
1620
947
1614
1616
1529
1566
1434
1378
1487
1574
1453
1480
1585
1280
1644
1336
1454
1654
1356
1486
1526
1696
1340
1377
1542
1702
1708
1635
1481
1624
1347
1464
1717
1643
1485
1270
1208
1701
1520
1322
1669
1651
1608
1262
1013
1568
758
794
1680
1560
1067
1730
1691
1722
1649
813
1380
1450
1630
1430
1385
1610
1754
1472
1729
1733
1300
1362
1471
1666
1562
1582
1484
1393
1710
1763
1670
1758
1693
1761
1769
1451
1491
1672
1766
1475
1653
1302
1414
1428
1476
1773
1686
1014
1770
924
1004
1779
746
1756
1392
1458
1772
1559
855
1725
1697
1786
1777
1624
1638
1583
1675
1373
1350
1690
1412
1738
1727
1811
1421
1466
1746
1561
1703
1741
1304
1700
1486
1563
1711
1683
1506
1694
1763
1751
1743
1771
1704
1657
1556
1807
1361
1626
1011
1832
1689
1699
1386
1755
1307
1271
1605
1645
1846
1518
1839
1578
1606
1104
1318
1832
967
1693
1816
1634
1819
1850
1650
1861
1736
1692
1687
1694
1515
1231
1715
1661
1731
1662
1443
1705
1713
1853
1668
1468
1201
1747
1723
1774
1281
1197
1550
1671
1682
1889
1554
1530
1692
1617
1812
1809
1882
1726
1827
1585
1470
1553
1581
1822
1862
1897
1433
1587
1665
1056
1794
1721
1629
1872
1797
1438
1685
1255
1493
1362
1831
1860
1587
1891
1325
1856
1888
1628
1847
1532
1722
1824
1867
1871
1411
1820
1698
1890
1875
1860
1159
1765
1513
1881
1574
1912
1944
1597
1898
1249
1766
1824
1749
1570
1793
1917
1774
1530
1789
1795
1731
1901
1759
1732
1469
1375
1887
1939
1514
1834
1791
1904
1787
1750
1101
1632
1631
1607
1976
1903
1575
1838
1927
1975
1681
1551
1728
954
1775
1590
1743
1849
1748
1733
1859
1938
1868
1968
1549
1745
1496
1902
1996
1936
1767
1941
1604
1776
877
1998
2008
1940
2001
1783
2002
2004
1622
1982
1785
1900
1521
1986
1767
1935
1863
1928
1905
1930
2023
2027
1932
1873
1712
1980
1460
1656
1591
1297
1994
1026
2026
1973
2028
1950
1564
1906
2012
1914
1295
1623
1894
1648
1719
1753
1744
1813
1952
1108
1843
1782
1803
1910
1974
1826
1655
1911
2032
2047
1633
1808
1557
1785
1417
2038
2037
2060
2071
1960
1943
1760
2063
1045
1829
1877
1895
1714
1736
1946
1966
1372
1874
1448
1985
1558
1853
1934
1801
1751
1929
2086
1695
1954
2055
1724
1424
2083
2079
1803
2090
1907
1878
2067
1098
2111
2046
2005
1315
1813
1580
2075
2048
1947
1882
1554
1664
1599
1794
1924
1818
1601
1369
623
2124
2015
1977
1864
1967
2120
1707
2114
1964
1411
1991
1660
1505
1628
2051
1876
1424
1121
2020
1677
2093
1956
1993
2138
1565
2102
1367
2094
1972
1808
1665
1742
1848
1801
2096
2054
1112
1676
1678
2053
1996
2130
2085
2030
1358
1964
1979
2120
1841
1818
2004
1855
2021
2166
1573
2024
2154
1814
2109
1636
1737
2182
1983
1757
1710
1957
2170
2153
1988
2065
1642
2029
2042
1528
2178
2087
1718
2108
1483
1673
1866
1810
2171
2049
1997
1945
2112
2122
2048
2151
1999
1836
2187
2176
2200
2139
2045
2156
1970
2013
2173
2105
2135
1497
2202
2218
2172
1511
2034
2161
1908
2157
1953
2066
2014
2155
2183
1430
1796
2193
2044
2121
1540
2035
1885
1640
2175
2050
2241
2204
1899
2126
1978
2227
2244
1886
2188
2103
2145
2226
1814
2159
2056
1366
2242
1639
2088
2113
1772
1944
2237
1948
2033
1918
2229
1784
1989
2018
1988
2198
2201
2160
2217
2213
1931
1571
2272
1912
2283
1920
2168
2211
2140
2228
1896
1150
2073
1652
2269
2306
1543
2095
1880
2081
2269
2274
2258
1431
2147
2080
2290
2311
2084
2137
2324
2303
861
2107
1372
1953
1349
1619
2332
1984
2326
2177
1456
2103
2191
2082
2157
2212
1676
1805
2319
2206
2127
1396
1815
2195
2289
1780
1879
2190
2305
2264
2356
2287
2358
2106
2102
2057
2359
2363
2361
1776
2243
1681
2220
2128
1655
2069
2169
1781
2007
2192
1837
2223
1425
2192
2257
2364
2098
2134
2261
2000
2365
1572
2307
2362
1898
2380
2069
2035
1505
2309
2365
2179
2022
2253
2246
1981
1892
2089
1888
2388
2355
2236
2386
2043
1852
1645
1958
1919
1833
1828
2416
2321
2262
2400
2025
2336
2327
1588
1821
1283
2203
993
2163
2278
2285
2349
2252
2231
2078
1768
2017
1992
2428
2273
2266
1806
1858
1621
2367
1647
2341
2312
2276
2381
1752
2308
2429
2314
2342
1391
1893
2196
1851
1802
1673
1995
2380
2296
2435
2454
2101
2364
2354
2446
2189
2220
2431
2448
2357
2054
2405
1415
2318
2253
2031
1826
2245
2185
1842
1706
2214
2302
2233
2412
2437
2371
2224
2262
2449
859
1884
2423
2382
2411
2409
1810
2425
2384
1190
2422
2487
2298
1407
2293
2076
2501
2010
2490
2341
2167
2216
2517
2277
2406
2058
2440
2383
800
1870
2486
1854
1942
2366
2225
2315
2238
1018
2522
2337
1684
2389
2477
2537
2280
2534
2430
1720
1863
1739
2136
2497
1955
2101
2403
1603
2394
2135
2398
2549
1674
2442
1658
1865
2260
2480
1568
2215
2459
2438
2427
2339
2475
2207
2567
2562
2392
1618
2350
2271
1447
2077
1798
2447
2136
2565
1778
2511
1909
2275
2064
2451
1933
2360
1762
2358
2547
2580
1623
927
2250
1951
2489
2217
1867
1165
2009
2548
2294
1619
2483
2571
2544
2533
2016
1916
2286
2563
2152
2376
2022
2146
1968
1921
2531
2519
1702
2594
2267
2437
2346
2100
2125
2234
2081
2282
2432
2239
1490
2471
2632
2039
2019
2589
2074
1509
1962
1883
2117
2180
1915
2576
2584
2512
1734
2476
2413
1723
2630
2445
1922
2472
2559
2633
2297
2072
2585
2325
2362
2508
2254
2307
2434
2554
2538
2249
1827
2415
2370
2414
1538
2451
2292
2618
2540
756
2372
2545
2329
2491
971
1790
2248
1971
2070
2322
2612
2259
2541
2100
1420
2150
2613
2041
2263
1963
2479
2699
2511
2006
2174
1825
2655
2540
2251
2525
2199
2351
2596
2659
2440
2667
2520
2141
2336
1800
2455
2706
2330
2186
1889
2628
2304
1966
2408
2599
2528
2091
2666
2646
2237
2463
2581
1949
2737
1792
2462
2343
2745
2648
2582
2592
2123
2734
2568
2626
2335
1332
2753
2350
2524
2743
2670
2219
1845
2424
2665
938
1823
2761
2702
2457
2376
2675
2605
2591
2340
2626
2505
2763
2654
2723
2295
2639
2467
2738
1709
2284
1716
2769
2760
2662
2291
2640
2478
2689
2347
2110
2205
2507
2208
2550
1995
2704
2587
2116
2601
2746
2539
2458
2807
2418
1917
1830
2578
2316
2502
2685
2468
2179
2474
2040
2777
1625
2681
2789
2619
2104
2426
2588
2714
2527
2721
2731
1500
2600
2569
2504
2352
2779
2466
2482
1817
2583
2616
2062
2614
2506
1740
2775
2767
2720
2698
2778
2387
2658
2676
2768
1926
2635
2615
2671
2560
2441
2859
2586
1764
2627
1817
2301
2197
1521
2643
2200
2318
2369
2816
2165
2490
2397
2620
2781
1799
2232
2877
2687
2235
2820
2434
2754
2803
2705
2404
2654
2288
2143
2827
2137
2838
2693
2352
2859
2818
1312
2829
2557
2845
2036
2739
2047
2889
2902
2814
2638
2542
2552
1409
2419
2878
2609
2299
2593
2513
2534
2607
2600
2908
2514
2821
2884
2786
2873
2470
1488
2473
2189
2557
2485
2890
2787
2802
2829
2644
2373
2914
2786
2887
2824
2099
2500
2496
2682
2757
2942
2769
2863
2909
2802
2017
2779
2602
2848
2910
2492
2701
2503
1987
2941
2532
1537
2559
2608
2656
2006
2963
2937
2003
2407
2810
2915
2651
2736
2036
2396
2650
2708
2843
2924
2421
2650
2629
2679
2649
2221
2722
2854
2965
2728
2960
2972
2393
2209
2969
1641
2921
2812
2864
2944
2996
2959
2750
2991
2773
2494
2452
2843
2776
2172
2758
2773
2300
3006
2932
2645
2782
2730
2809
2543
2642
2950
2901
2631
2883
2852
2973
2985
2954
2768
3018
2943
2798
2974
2846
2796
2823
2977
2972
2402
2916
2701
2856
2774
2460
2836
2484
3015
2743
2574
3042
1688
2115
2849
3027
2129
2530
3016
904
2751
3062
2700
2764
2443
2052
2905
2805
2348
2203
1597
2637
2652
2968
2999
3072
2885
3074
2716
2966
3075
2653
3078
2161
2719
3051
2912
2495
2164
3030
1627
2820
2929
2581
3011
2395
2265
2323
3090
2867
3033
3101
3014
3049
3039
3095
1937
2656
2930
2710
3041
2980
2982
2724
1981
2741
3035
3023
2240
2615
3013
2918
2993
2977
3105
2669
3118
1871
2566
2595
1913
2718
2832
2538
2398
2215
2570
3136
2571
2981
2193
2257
2604
2946
3008
2958
2755
3053
2107
3085
2830
3021
2181
2590
2715
2319
2181
2579
2727
2893
3070
2697
3066
2523
2368
3019
2614
3034
3158
2603
3118
2610
2790
2660
3092
3096
2711
2767
3123
3055
2399
2255
1980
2279
2889
2091
2922
3179
3151
2668
2801
3160
3028
1969
2961
3169
3168
2261
1179
2934
2378
2955
2951
2824
2184
2865
3086
3045
2492
2900
2377
2936
3048
2904
2850
3110
3119
3023
2439
2840
2879
2947
2837
3115
2834
2990
2906
2826
2709
3154
2306
3132
2663
3108
3107
3076
2766
2573
3180
3017
3098
3117
3002
3114
2061
3040
3091
2868
2417
3104
2881
1987
3157
2847
3101
2133
2690
2714
2401
3246
2420
3125
3228
3258
2780
3009
3216
3038
2288
2390
3112
800
3274
2815
3188
2636
3267
3246
3142
2785
2772
3064
2709
2979
2800
3010
3186
2858
2733
3070
2684
2678
828
2128
3295
2623
3065
2092
2825
3284
1869
3060
3089
3152
3287
2575
2844
2752
3082
2917
2686
2983
2831
3024
3142
1959
3005
2268
2427
3321
3248
2346
3316
2995
2686
2863
1959
3120
2713
3248
2971
3278
3243
3165
3336
2664
2938
3088
2444
1923
3137
3251
2466
3134
2683
2762
2530
3349
3292
3038
3191
3247
3212
2886
3060
2385
2598
1842
3335
1637
2498
2118
3193
3223
2060
2331
2894
3161
2808
2488
3056
3108
3217
3312
2748
2696
2740
1660
3000
2672
3043
2338
3054
3385
3149
3200
3380
2966
2962
3226
2042
3257
3389
2907
3202
2795
2622
2339
3162
2791
2770
2897
2310
3128
2911
3289
3102
3308
3254
2647
3022
3281
3405
3094
2608
1420
3231
2450
3306
2876
2749
3391
1600
2976
3290
2948
3384
2854
3164
3277
1937
2940
2140
3172
2947
2729
2987
3170
2661
3309
2058
2771
3410
3434
2210
3431
2978
1639
3403
3414
3419
3029
3241
3077
3107
3174
3269
2870
2806
3124
3416
3154
1840
3127
3375
3319
3293
3203
2144
3259
2813
3361
3426
3190
3428
2622
3355
2979
3265
3106
3126
3376
3406
3220
3357
3296
2936
2862
1788
2951
3377
3317
3489
3270
3034
3307
1569
3146
2677
2674
3261
3238
2294
2873
3481
3400
3358
3314
2541
2403
3099
3485
3184
1603
3324
2935
2334
3255
3418
3394
3346
3192
3249
2558
3189
3337
3372
3253
2866
2756
3444
3464
3135
2131
3407
3086
3460
2994
3344
3252
2994
1735
3544
2624
3083
2803
2461
3370
3328
2651
1844
3210
1626
2896
3553
3036
3454
2433
3206
2857
2425
3497
3299
3150
2986
2926
3490
3413
3304
3487
3470
3364
2149
3308
3500
3218
3574
3103
3510
3131
1886
3579
3268
3421
3534
3393
1335
3275
3262
3524
2379
3516
3381
2561
2558
2694
3491
3181
3341
1421
3260
2453
3575
3449
2616
2374
3207
3170
2953
3264
3490
3438
3244
1647
3566
3526
3499
3272
2659
3453
3141
2797
3411
2270
3581
3058
3437
3167
3302
3147
3507
3390
3214
3613
3506
2444
2644
2621
3133
2011
2952
3597
2855
3301
3368
3145
2949
2162
2510
3480
2853
3628
3071
3398
3012
2792
3652
3617
2353
3505
2570
3209
3495
3512
3546
2148
2467
3586
2726
3662
2625
2536
3183
3635
2521
3401
3382
3387
3340
2861
3068
3661
2468
3482
2742
3563
3061
3561
3658
2313
3484
3416
2333
3614
3657
3021
3459
3623
3698
3129
3590
3680
3618
3225
3301
3467
3025
3256
3629
3199
3683
3044
2851
3711
3601
3664
3524
3063
2841
2222
3596
3084
3713
3716
3523
2536
3374
3656
2957
2285
2988
2928
3685
3565
3003
3097
3392
3538
3356
3578
3313
2935
3492
3630
1700
3667
3047
3052
2668
2945
2805
2577
3427
3194
3549
1579
3503
3542
3365
3477
3583
3718
2518
3483
3130
3155
2142
3342
3627
3638
3173
2784
2920
3701
2229
3672
3221
3673
3609
2097
3081
3764
3549
3139
2875
3700
3725
2059
3156
3404
3208
3730
3386
3585
3584
3198
3756
3641
1925
3069
3607
3518
3522
3472
2916
3363
3687
2177
3733
3282
2975
3811
3726
3196
3251
3273
2717
3400
3113
2892
3632
2712
3276
3339
3627
3675
3645
3354
3046
3323
2871
3479
2771
3634
3603
2132
2891
2634
3302
2390
3704
3310
3778
1965
2493
3745
3343
3602
3525
3463
2788
3781
3853
3330
3408
3659
3024
3637
3589
3765
3462
3806
3758
3849
3729
3714
3461
3620
3703
1807
2735
3791
2499
3693
2927
3528
3476
2822
3769
3813
3143
3456
2898
3815
2903
1504
3727
3163
2920
3514
2564
2247
3870
3327
3460
3670
3754
2509
3878
3399
3903
2825
3866
3567
3653
3555
3396
3684
3201
3303
3598
2673
3724
3469
3090
3619
3860
3705
3768
3595
3696
3245
2391
3919
3717
3768
3545
3850
3816
3773
3863
3825
3890
3570
3171
3350
3599
3797
3426
3616
3121
2799
3734
3636
3468
3285
3234
3682
3945
3941
3833
3720
3814
3895
3608
2292
3911
3283
3187
2919
3647
3556
3621
3109
3728
2867
3263
3668
3622
2695
3810
3333
3212
3592
3848
3962
2794
3153
3366
3311
1657
3520
3804
2765
2815
3911
3076
2985
3771
3753
2027
3266
3938
3694
3757
2206
3735
2617
3079
3707
3927
3949
3875
3450
2708
3093
3978
2783
2115
3710
1835
3860
2479
4011
1518
3996
3889
2793
3413
3100
3325
3852
2279
3176
3447
3948
3786
3300
3793
3488
3676
3313
2998
3956
3232
3722
3799
3443
3780
3580
3869
3969
3612
3268
3515
3904
3871
3921
3611
3662
2317
3708
2529
4025
4041
3441
2695
3740
3938
3862
3539
2572
3943
3983
4043
4053
1596
3689
3318
3001
2680
3530
3932
3980
4029
2869
3915
3842
2556
4026
2112
4079
3294
3369
3988
3115
3462
4049
3939
3537
3987
3787
3739
3548
3458
3876
4072
4069
3373
3947
3069
3920
4024
2344
3867
3970
3828
2732
3242
3886
2933
3390
3508
3655
4102
3633
3957
3953
4010
3224
3994
3683
3750
1709
4040
3536
4037
3997
4048
3982
4034
3968
3842
2553
3755
2611
2074
3610
3322
3955
2491
3802
3868
4123
4060
3233
3736
3817
4055
3185
3953
3924
4051
3882
1929
4119
3996
3140
2992
3504
3353
3783
3250
3063
3422
2320
3796
4143
3451
4113
3498
3111
3791
4159
4077
2416
3808
3417
3858
4151
3854
3752
3568
3901
4066
3299
2481
3851
4068
4192
4063
3963
3465
3496
4065
4127
4080
3430
3706
3232
4064
3213
3873
4135
4129
3930
3122
3918
4152
4047
4006
2759
2857
3605
4160
3958
3148
3656
3333
4148
4203
3993
3440
4052
2725
1804
4085
2606
2789
3756
3993
3951
3832
3686
3288
4177
2641
4038
3625
3598
4210
3375
2913
3974
3973
4204
2068
3587
3646
3723
3562
3934
3660
4092
3457
3697
4099
4257
4096
3699
4153
4153
3865
3859
4107
3494
4249
4027
4211
3981
3979
3471
4030
3446
4214
3557
4212
3692
4157
2819
2436
2720
3931
4195
4031
4260
4188
3971
3916
3631
4073
4171
2535
4295
4120
4256
4109
2835
3779
3655
3166
4130
3222
4141
4030
4187
2613
2518
4142
4297
4001
1857
3900
4302
4051
2882
4313
865
4320
3879
1594
4321
1414
3801
3839
4061
3784
4114
2453
4091
3744
3770
3827
4176
4050
4138
3367
4337
4150
4136
2911
4146
3239
3798
4300
4044
3747
3897
4056
3820
2931
2441
3845
4330
4179
3896
4021
3569
4000
4082
2990
3992
3763
3847
4108
4023
4324
4207
4269
3958
4245
3527
4357
3999
4084
3712
3885
4175
2194
4281
4350
938
4200
3155
2707
4249
3877
3686
3284
4227
4385
4296
3184
4156
3710
4391
4323
3789
4042
3893
1452
3925
4390
3315
3526
3824
4005
3650
2925
3240
3928
3178
4135
3436
4054
1961
4355
3971
4418
3743
4032
4119
3649
4351
2355
3420
3892
3933
4178
4155
3359
3942
2604
4234
4277
4384
4116
4294
2119
4086
3558
4400
4149
3158
4254
4380
4368
4420
4356
2328
4032
4007
4417
3237
4117
4298
3840
4208
3812
4359
3269
3331
4436
4194
3762
3412
3388
4261
4362
3737
4019
3425
3443
3607
3894
3861
4360
3721
4074
4144
1202
3906
3765
3922
4263
4328
4202
4393
3685
3991
4105
3695
3965
4017
3533
4004
4110
3237
4083
4464
3967
3204
3553
4445
3351
3329
4318
3998
4258
4482
4174
4316
3772
4451
4496
2984
4196
4185
2417
2872
4467
2842
3936
4134
3917
4289
4231
4198
3867
2882
3511
3898
3852
4479
4394
4070
4433
3731
3324
4456
4260
4218
2516
4540
3026
3984
3819
3821
1990
3593
4510
3807
3909
2646
2839
4440
3291
4448
4341
3741
3197
3649
3908
3432
4140
4560
2692
2028
4427
4441
2533
4278
2894
3976
4555
3965
3383
4170
4093
2841
4576
3857
3742
4315
4537
4285
4379
4455
3534
4190
4372
4371
4282
4459
4488
4424
4131
4062
3279
4349
4253
4242
4331
3856
4247
2967
4370
3409
3989
3474
3087
4132
3836
4335
4544
3822
4587
2989
4228
3547
4570
3509
4618
3935
3639
4306
4197
4298
3360
4616
4154
4611
3914
4388
3940
3838
4550
2956
3476
4449
4378
4271
4452
4503
4382
1780
4387
4112
4202
3760
2874
4058
4225
3937
4501
4486
4251
4421
4607
3643
4419
4661
3286
2464
4104
3338
4565
4100
4507
4476
3050
3698
4466
2345
4669
4305
4490
3573
2804
4662
3748
4283
4405
4154
2566
4536
4504
4329
4300
4317
3445
4564
3792
4680
4193
3912
4580
4276
3577
4165
4559
3159
4397
3891
3782
4636
2997
4255
4325
3439
4279
4682
4459
4162
4332
3847
3219
4075
3397
4700
3978
4513
4569
4460
3057
2289
4659
4347
4522
4426
3001
3866
4086
4602
4070
4716
4308
3632
4106
3942
3688
3116
4635
3485
2256
4240
2964
4268
4514
3853
4377
3236
4533
4115
4406
2216
4726
4472
4707
3766
4348
4018
4729
4731
3493
4579
3048
4626
4638
3536
3511
4518
4760
4699
3231
4438
4561
3846
4180
4474
4751
4765
4672
4585
3546
4654
3746
4679
3378
3219
4444
4353
4431
4399
4646
4172
3568
3830
3235
2562
4546
4344
4697
3964
4633
4223
4739
2281
4199
4481
4215
4296
4775
4548
3037
3663
4147
4787
4547
4708
4480
4656
3347
4735
4741
4412
3334
3648
4499
3109
4789
2833
4769
4670
4045
4133
4166
4230
4606
4666
4183
4491
4036
4471
4373
3954
2860
4446
3501
3080
4785
2967
4267
1963
3229
3843
3653
4354
4039
4439
4630
4392
4691
4733
4484
4796
4454
4028
4216
4301
4450
4792
3782
3298
4237
4469
4582
4506
3731
3543
3788
4122
4622
4640
2688
4777
4604
4729
3605
3059
4571
4375
2621
4766
4838
4809
4613
4582
2887
4805
4772
3134
2597
4728
4724
4829
3560
4682
4893
4715
2703
4263
4859
3455
4523
4692
4732
4461
3502
4462
4824
3774
4589
4865
3305
4764
3691
3348
4612
4595
4933
4686
4352
4094
4842
4173
4465
3594
4643
4869
3831
4919
4890
3899
4742
4435
4262
4592
4625
3564
4003
2551
4614
3457
3884
4791
4719
4487
4910
4744
3834
4821
4674
4839
3540
3626
4428
4552
4909
4568
4946
4880
4772
4191
3414
3433
4241
2657
4164
4795
3606
4415
3588
4338
4688
4950
4773
3453
4780
4250
4182
3452
4858
4828
4008
4949
2542
4224
4290
4702
4314
4098
4633
3990
4035
4597
4270
4165
4015
4805
4948
4945
4768
3138
4454
4430
4217
4867
4581
4015
4516
4706
3646
4790
4149
4878
4985
4951
4745
4391
4429
4470
4447
3937
4694
4093
4884
4871
4972
4650
3479
3478
4336
5029
4804
3250
5034
4089
5012
4965
3552
4578
4530
3946
4684
4762
5006
4963
4935
3826
4665
4624
4982
3884
4539
4767
4797
4723
4984
4896
4134
4366
4819
4738
4627
4961
4685
3624
3582
4934
3870
4987
4952
4856
4563
2230
5026
4969
3487
4414
5045
4163
4755
4500
4137
3776
4411
4845
3073
4874
4343
3519
3371
5037
5107
4189
4577
4574
2888
3872
4851
4631
3551
5062
5040
4942
5101
3644
5069
3559
2526
5089
4745
4422
5009
5074
4982
4984
5007
2515
3550
4748
3345
2811
5135
4556
5000
3543
5133
5057
3769
5086
3320
3777
4927
4403
4886
4957
5004
4535
5084
4292
4873
5051
4997
5065
3944
4205
3728
4721
5114
5162
4808
4318
4718
4860
5152
3031
4078
4596
4401
3671
4184
4520
5151
4895
4870
3966
5058
4924
4881
4307
5129
4519
5140
4656
4001
4505
4784
3198
5017
4206
4754
4339
4848
5120
3670
4538
4128
4876
5087
3677
3317
4581
4479
4020
5136
5001
4076
4930
4529
5078
4275
4167
3473
4956
4891
4683
4936
3665
2828
5189
4743
4458
5213
5169
4161
4832
5036
4571
4776
2388
4734
4916
4750
4947
4279
2904
4971
5072
4955
4903
3715
4557
5212
5159
5091
5170
5176
4704
4101
3761
5096
3615
4220
5118
4711
5126
5167
3772
5230
4877
4059
3604
4065
4923
4911
5267
2410
5232
5194
4972
5064
4831
4649
5171
5144
4803
4968
4282
4389
4623
4181
4609
3355
5237
5234
4294
4012
4747
4303
5047
3569
4644
2970
5274
3560
5138
4857
4995
5042
2793
5175
5055
3681
3835
5304
5105
4050
4885
5303
5227
5184
4761
4046
4843
4863
5155
4252
5322
5081
4925
4840
4598
5186
5113
5294
3415
3654
5249
5278
3558
5191
5116
4525
5243
5284
5326
4081
4844
5120
3844
5165
5181
4713
4678
5320
5242
4752
5313
5342
4615
5318
4986
5260
5323
4938
4906
4628
4221
4236
4432
5099
1895
3497
3882
3195
5370
4676
5345
4483
5317
3020
4725
5032
5193
4888
4793
4072
3120
4543
5219
4654
4859
4652
4181
4573
5077
4431
4129
4478
4967
5340
5352
5373
4345
5350
4941
4013
5300
3926
4776
4619
4380
5076
4899
5367
5240
5218
5401
2547
4756
5409
3500
5349
3868
4648
4594
3094
4651
5059
4387
4801
5351
4342
4534
4944
5390
5429
4943
5334
3837
3280
4746
5430
5182
4975
4970
2272
4722
4381
5315
3759
4591
3521
4453
5376
5283
4845
5336
5153
3913
5337
5321
5131
4525
5169
5015
2939
4816
4687
5308
5050
5247
4800
4593
3717
4024
3195
5097
5220
5130
4710
4753
5206
5196
4209
5258
5291
5428
5464
5452
5263
4825
4644
3642
4944
3961
5487
4291
5203
4967
4929
4668
5338
4759
4905
5359
5079
5251
4169
5003
5181
4862
5277
5398
5334
3093
4993
4485
3531
5498
4383
4629
5035
3252
5474
4689
5400
4774
3576
1913
4802
5200
4671
5095
1335
5288
5111
2528
3531
4334
5420
2495
5479
4410
5328
3008
5303
5147
5104
4346
5112
3466
5485
5489
5324
4637
5477
4685
4763
4664
2973
5173
4815
5486
3709
3929
4823
5511
5487
4156
5216
4529
5290
5282
5030
4169
4978
3529
3297
5551
2673
5316
4293
5484
5458
5357
5559
3164
5436
4908
5123
5271
5560
2744
4404
4928
3425
4062
5161
4097
4813
5589
5510
5582
3486
5296
4652
5566
4591
5568
5404
4213
5580
4395
4841
5156
3905
5612
5330
4849
5421
5272
5038
5482
4960
5611
5360
5553
4937
4585
5588
3541
3337
5506
5517
5261
5504
3678
5185
5187
4940
4545
4778
3952
5569
5011
4788
5447
4496
4717
4699
5444
5579
1703
5030
5574
5650
5183
4958
5591
5492
4172
3910
5597
4677
3699
5603
5048
4825
5630
3805
4452
5270
3182
5530
1768
5419
4310
5368
4517
4837
4872
5468
4830
4640
5426
5061
5070
4974
5024
5358
3949
5532
4945
5130
5595
4930
5210
3674
5259
5609
5405
5241
5698
5697
5608
5622
5063
4111
5306
5310
5014
4873
5023
5375
5378
4457
3856
5128
2895
4799
3719
5275
4088
4532
5694
3247
5215
5411
4224
5166
4723
5727
4979
4786
3690
4498
5469
4532
5391
5601
5056
5365
3669
5583
5720
4850
5102
3952
4221
5540
5460
5523
5655
4434
2158
5383
2456
4698
5458
5056
5364
4696
5519
5301
4669
5365
4131
5290
5692
5746
5327
5204
4926
5344
5377
5229
5482
5570
5774
5052
5406
5386
5754
5004
4566
4812
4660
4497
5639
5408
5620
5437
5778
4855
5444
3555
5117
5320
5571
4914
879
3176
5793
2555
4695
5784
5567
4811
4125
5483
4610
3007
5680
5355
5572
5507
4981
5558
4274
5175
5800
5749
3644
5521
3345
5550
5716
3270
5606
4730
5709
4124
5216
3944
5384
5704
5822
2808
5389
4861
4255
5397
5360
5094
4222
4864
5474
5481
5279
4826
5618
3752
5298
4998
5144
4524
3803
5564
5783
5646
4673
5221
4272
5701
4994
5839
5688
5811
5700
5703
4937
5863
4853
4590
5269
2209
5556
4287
5600
5510
3795
5085
5248
5739
5396
3785
5536
5369
4284
3883
5114
4259
4965
5657
3972
5743
5248
4898
5046
5845
5844
5779
5354
4806
3823
5828
4759
5627
5193
5782
5335
5776
5731
4657
5664
5178
4904
3395
3690
4266
5788
5892
3410
4798
5887
5825
4833
4226
5309
3554
5904
5745
4475
4701
3640
5593
5363
5448
4355
3855
5920
5861
4562
3880
4641
5071
4586
5134
5692
5385
3679
5689
4749
4090
4920
5899
3556
4900
3429
5008
5438
5465
5433
5923
5802
4477
3887
5500
4558
5644
5911
5893
4509
5693
5233
5949
5972
5918
5726
5916
3763
5617
5846
5604
5975
3067
5933
4281
5527
4374
3020
5106
5090
4443
5411
4852
5289
5671
2375
5708
5789
5699
5684
5332
3552
3967
4377
5724
5065
5826
5790
5718
5641
4248
5179
6005
5968
3830
5817
5848
4343
4305
5628
5613
5083
5197
5879
5576
5840
5865
5702
6010
4645
4238
5768
6025
5741
4583
5533
3950
5267
5913
5872
3841
6006
4367
3995
5305
5665
4822
6023
5744
5437
4423
5490
5586
4836
4201
5387
2325
5381
5834
5520
5343
4066
4918
5427
5459
5695
5901
5211
5041
5090
5508
4139
4608
4570
5282
5869
5143
6076
4531
5223
6022
5897
5198
6021
5759
5168
6045
1594
5626
4782
4575
5900
3986
5713
3751
5971
5919
5239
6007
6098
5011
6078
6028
5607
5862
5999
6105
5939
5809
6029
5192
5928
4954
6112
5969
5221
5039
5836
6034
5494
6119
3378
4599
5997
5402
5713
5201
3522
5573
5172
5442
6045
5407
5445
4879
3785
5757
5292
5493
4996
4572
5149
5645
5605
4981
3214
5682
4304
4955
5905
6108
4184
5996
4639
4814
5010
4614
5898
6033
5341
5598
5866
4219
6046
6151
4333
5597
5796
5771
4868
4381
5715
5758
4424
5957
5163
5310
5073
5098
4554
3818
5767
5207
5773
5254
5756
6149
5866
6120
6160
5246
5592
5087
4894
4369
5769
5495
5867
5457
6013
5850
4103
5434
4681
5347
3032
5982
5675
5846
5293
5804
6208
5555
5819
5399
6024
5031
5714
3702
6161
6113
5016
5470
3790
5900
6189
6178
4653
5547
4246
5525
1679
5849
5888
6144
4666
6118
5990
4348
4980
3817
5963
5685
5851
5955
3077
5921
5224
5066
6194
3310
6147
3513
5952
5654
4864
6056
2747
6204
4067
5480
4818
5124
4781
5434
5299
4846
4966
4071
5690
4990
4494
4522
4763
6245
5287
3749
5414
6041
4866
5942
4553
5222
4923
4835
6265
5043
5787
3220
5925
3983
3638
6242
4973
4938
5584
5656
6148
5401
4907
5432
6271
4579
6301
4416
6293
5446
6073
5296
5277
627
