83.11
83.11
83.11
83.11
83.11
83.11
83.11
83.11
83.11
83.11
83.11
83.11
83.11
83.11
83.11
83.11
83.11
83.11
83.11
83.11
90.07
90.07
90.07
90.07
90.07
90.07
90.07
90.07
90.07
90.07
90.07
90.07
90.07
90.07
90.07
90.07
90.07
90.07
90.07
90.07
46.12
46.12
46.12
46.12
46.12
46.12
46.12
46.12
46.12
46.12
46.12
46.12
46.12
46.12
46.12
46.12
46.12
46.12
46.12
46.12
83.11
83.11
83.11
83.11
83.11
83.11
83.11
83.11
83.11
83.11
83.11
83.11
83.11
83.11
83.11
83.11
83.11
83.11
83.11
83.11
90.07
90.07
90.07
90.07
90.07
90.07
90.07
90.07
90.07
90.07
90.07
90.07
90.07
90.07
90.07
90.07
90.07
90.07
90.07
90.07
46.12
46.12
46.12
46.12
46.12
46.12
46.12
46.12
46.12
46.12
46.12
46.12
46.12
46.12
46.12
46.12
46.12
46.12
46.12
46.12
